<?xml version="1.0" encoding="utf-8"?>
<data>
   <info>
      <contact_person>Rita Stagni, rita.stagni@unibo.it</contact_person>
      <experiment_day>August the 20th 2001</experiment_day>
      <experiment_location>Bologna</experiment_location>
      <motor_task_description>Data from the two subjects were acquired during stair climbing (SC), step up/down (SUD), sit-to-stand/stand-to-sit (STS), and knee extension against gravity (EG) activities by fluoroscopy and stereophotogrammetry simultaneously. EG activity was performed in up-right posture with the hip held flexed at approximately 45°, more detail is provided in (Stagni et al, 2005, Clinical Biomechanics)</motor_task_description>
      <number_of_subjects>2</number_of_subjects>
      <number_of_trials_per_subjects>2</number_of_trials_per_subjects>
      <body_segments>thigh and shank</body_segments>
      <number_of_markers_per_segment>uniform spacing to cover the latera aspect of the segment, reulting in 19mrks and 25mrks on the thigh for subj01 and subj02 respectively, and 10 mrks on the shank, more detail is provided in (Stagni et al, 2005, Clinical Biomechanics)</number_of_markers_per_segment>
      <marker_location>dominantly lateral aspect of the thigh and shank, more detail is provided in (Stagni et al, 2005, Clinical Biomechanics)</marker_location>
      <reference_data>Bone pose was estimated with a combined stereophotogrammetric calibration of anatomical landmarks and use of fluoroscopic references as techical frames, more detail is provided in (Stagni et al, 2005, Clinical Biomechanics)</reference_data>
      <subject>in-vivo</subject>
      <measurement_error>fluoroscopic error was quantified and reported in (Zuffi et al, 1999, IEEE transactions on Biomedical Imaging), stereophotogrammetric erro was quantified via a wand test in 1mm</measurement_error>
      <data_processing>none</data_processing>
      <sampling_frequency>stereophotogrammetric data were acquired at 50Hz and fluoroscopic data at 6Hz, thus sinchronised data are all downsampled st 6Hz</sampling_frequency>
      <Anatomical_coordinate_definition_adopted_for_each_segment>defined according to (Benedetti et al,1998, Clinical Biomechanics)</Anatomical_coordinate_definition_adopted_for_each_segment>
   </info>
   <subj01>
      <info>
         <ref_code>001</ref_code>
         <pathology>IK</pathology>
         <age>67</age>
         <sex>F</sex>
         <body_mass>58</body_mass>
         <stature>1550</stature>
         <segment>clinically successful knee arthroplasty (excellent Hospital for Special Surgery score 85?100, (Insall et al., 1976)), follow-up of and 18 months</segment>
      </info>
      <trial01>
         <R_thigh>
            <warning>none</warning>
            <gRa>[0.415819651490216 -0.909398644320913 -0.0093874474223935 0.902424791667941 0.413867169053588 -0.119764196611131 0.112798554209817 0.0413288411689433 0.992757983123685;0.522323367743595 -0.851573243411654 0.0447360217454898 0.846166289851448 0.511073437020395 -0.151018386027873 0.105739824303839 0.116734545404458 0.987518169688745;0.775231440301335 -0.626304905697503 0.0822093674396533 0.63069464104928 0.760185907960593 -0.156018127527278 0.0352205159819131 0.172799165026818 0.98432716300019;0.899588149695894 -0.431862264333471 0.0650856865889246 0.436071388940102 0.879944028878159 -0.188521221131181 0.0241434401284616 0.19797346204339 0.979909997206538;0.959587652717336 -0.279002903956047 0.0367276103741284 0.280897591575071 0.94177615767298 -0.184808584522771 0.016972943961767 0.187656732929846 0.982088015281404;0.989259038285744 -0.143340135980928 0.0286384638938975 0.146167739411168 0.968383892049582 -0.202157440134172 0.00124424782921653 0.204172094127279 0.978934220377969;0.996844369544071 -0.0783425498101298 0.0127964379730664 0.0793731851132353 0.981487170268209 -0.174306721359653 0.00109609330353546 0.174772367621546 0.984608256158473;0.998645718884608 -0.0355094610259216 0.0380237735944292 0.0415782120180181 0.984038711290266 -0.173029095804275 -0.0312726952003172 0.174375726108518 0.984182465134914;0.978716644238721 -0.192256875595072 0.0717706423531584 0.202086708009295 0.963772663228316 -0.174078192451074 -0.0357028536957529 0.184877117005801 0.9821129048361;0.920721875222608 -0.38424240345538 0.0680367907875224 0.390176021723814 0.903916514183017 -0.175207330001541 0.00582250681195432 0.18786354559911 0.982177879332128;0.775416670889264 -0.619121312376945 0.124168386052684 0.631415462465151 0.758181830846634 -0.162710866758285 0.0065955510879087 0.204570557312074 0.978829599974824;0.502962565910027 -0.854176643308438 0.131950446557785 0.863750050311357 0.491260137187175 -0.112246733695171 0.0310565437002873 0.17042810987216 0.984880576749687;0.429335976608423 -0.894786766240428 0.122585738069146 0.903004311146298 0.422902109651665 -0.0757431233224455 0.015932177123626 0.143214697637384 0.989563396712274]</gRa>
            <gta>[-13.1372015723705 -18.7658718597823 414.703697619117;-2.28304724076885 -24.5184022972161 420.858822266012;-23.2701136724402 -21.0811823388201 414.551719458624;-49.8950333460732 -15.4554684497479 420.355571435665;-74.3468310952779 -10.2867123847998 413.20000591516;-88.3123491494323 -6.58195421584523 418.072825781393;-79.831918242713 -5.61132708561759 419.817303039394;-68.6342410716535 -6.11059841306173 424.559035402784;-42.9103135540918 -13.361369349476 420.363063467891;-46.137288405002 -15.3699586327062 413.772666113653;-22.0993829907931 -21.9814002108862 405.462337093265;12.8395223762051 -28.7448397166224 398.983990311503;-9.74249252635419 -20.6831933841683 364.77233193172]</gta>
            <mrk>
               <M01>[-67.7256041280093 320.633159596787 12.938442274094;-72.7016413434104 319.93650008996 17.2309451523942;-79.8823354366282 303.514481454776 28.2018325626332;-72.0812204676119 295.897622661245 24.3787500725316;-63.5966397631879 292.589840610661 37.8364458224362;-59.1952996430275 289.466704611237 26.8631582531349;-45.0640940868614 286.929498308588 29.7356858212882;-47.4655389328825 282.883426769002 33.4246681546615;-44.8542066954792 287.863932529609 34.3859907853126;-54.1900532962436 296.965018307396 32.3376354628521;-53.377449699543 311.005258146029 31.1469547810834;-52.1397754328395 315.569055412375 26.8181057268743;-68.3927346825139 308.101280943362 49.0066451510151]</M01>
               <M02>[-32.4530872080321 284.766937250147 29.0734734851664;-35.7384340642159 284.579913066456 29.6252909684467;-39.9850432485622 273.47125890377 40.3297373017434;-31.4173074762095 269.756418712152 38.0034273416028;-22.4876942216957 271.370160303315 51.9398963851914;-17.8409984196009 272.60506334715 40.3914730395773;-1.73919931003399 272.472271339234 38.6700014009206;-1.06495424512391 272.904589243074 33.9738892731853;-0.172222694981379 272.394326714441 39.1448727479055;-13.062500335068 273.39936338299 42.6490660664604;-14.7220367728 279.310870144418 42.0362081917872;-17.1626642680371 277.057705062349 37.1766732655824;-31.4310557337006 270.556046149862 59.9289042228582]</M02>
               <M03>[-78.941870365736 264.624120527202 -3.77617389404439;-82.2580157106125 263.50066640094 2.71577817179028;-85.6669278571529 245.336684188369 11.6702903415972;-76.7612740585013 238.073514178841 10.5925588170184;-68.7711563902304 237.409914852597 23.8241539984695;-64.7131072040698 235.842351506172 15.1534294774602;-51.466064168969 233.884344107476 20.3628692022918;-49.0931112816296 229.085321083334 26.878557578349;-49.5820384047753 234.517573681183 25.3546528768578;-61.464318085143 241.839659090115 18.5679771547993;-63.442922270006 254.512661194261 16.7845626847082;-66.467773605355 259.43458859577 9.80406284307561;-81.3573956887599 253.686640876551 31.3155864806771]</M03>
               <M04>[24.6242211645049 290.989385391755 27.720021847232;20.8661938706298 291.037161571754 28.0595404395168;14.2918006196315 286.038045651163 35.014072326382;21.6529461455774 286.785952593889 30.4220572135702;30.0152875937466 291.131410307451 41.1435620872334;32.9880770976857 294.645409621964 25.1270818937414;47.5374561298561 298.547399739773 21.4344190017301;42.3065206305282 300.374482551038 12.6621416285639;45.5872590148439 296.200784743965 20.7528013408297;39.6899483159084 289.779785096758 33.3739689169998;38.644833273136 288.245290159952 32.3782994073325;39.0163927259641 280.036364630479 34.1638741320614;25.7575260364828 276.585484045739 55.4856040262624]</M04>
               <M05>[9.91347731188787 251.523350153984 31.8056491991515;5.97282855392224 250.57145687453 30.3149595274062;2.96589712273381 243.243220768388 36.2746039489952;11.7925133562703 242.73383414455 33.7589098710863;20.0376552320973 246.438907288968 45.5737136036208;23.9200408635598 250.616340198677 33.3723202445351;38.9159878424615 254.03734698525 28.1491802323101;38.828571314029 258.248588301041 20.8132629003263;39.4751836128872 252.049778390626 25.5189847842729;28.345615032826 245.487188492261 34.8782676897606;25.6830232103794 247.702069908318 37.0519880779183;23.0521398036149 241.331522551391 35.4360221385113;12.2878198628433 238.342857560681 58.7442656993192]</M05>
               <M06>[-37.9489493418821 235.413900071501 22.2284241084241;-42.2785338210248 234.00492651945 24.0203796475202;-42.5652574497853 222.368077913569 33.9420669348211;-33.3378640143495 218.906651407975 32.6516269244967;-24.7537519711999 220.960403273004 44.6285929455739;-19.9541769530593 222.436606808826 34.4100400506934;-3.70936836660188 221.547497901268 33.090319664445;1.17571010167501 224.048096959559 31.4313360643205;-0.85630042901181 222.848961630125 36.0266772414773;-16.4952609349214 223.945834780508 37.4933512512229;-20.2322790205698 230.340467608727 37.4289588580721;-24.1395275553312 228.942621165304 30.2020764999856;-35.1391203668674 224.057345009658 54.6662983231119]</M06>
               <M07>[13.2427408795678 203.18946625211 27.0061011816244;8.8447652198401 201.886504378078 25.635597754444;8.58148083990545 194.021822351103 30.4629891059561;16.6310597883613 192.684430355785 28.1233905863795;23.6326651351507 196.115208272809 39.9422960035854;27.0002314179464 200.360440443133 29.3645824500493;40.1863609677408 201.563502561574 23.0652253574026;40.8527571159745 204.941483369657 12.8077699769296;40.8664358269092 200.420505025311 20.2888768208363;31.1716984190919 196.845464741522 31.3105924341054;26.7770138154552 198.272023236467 32.2876830052827;24.0012211362919 193.095641053627 29.7646384764542;16.4871950166724 192.339900311113 52.3830236724597]</M07>
               <M08>[55.9158930331595 171.02175786113 -6.18104114781157;54.5607831421889 169.366363172708 -2.81067353630483;54.8178889341323 163.959216954418 1.9351915099726;61.2465969949493 163.089021910938 0.334859934067055;66.2256321018325 166.698000765404 11.8503950896999;68.0487097974215 169.66361830059 2.3654779146726;75.6310676097629 169.72481360615 -6.06108199220048;74.0041353849278 173.123716245048 -15.8881208641756;73.5946778452046 166.545349874804 -9.83365654621057;70.6579437990705 163.427882821362 1.82853035691854;67.6541886518013 163.508341227108 2.58794922628256;66.5905574900877 158.480031818637 -0.822362958566517;59.049402382263 162.404509542312 16.6131223179928]</M08>
               <M09>[-65.6052205725495 204.992309529281 -12.2962049335408;-69.613815190386 202.448599827381 -9.64227853749474;-69.8367583172817 185.025032207827 -0.39257684579607;-61.4101600253712 179.202242852248 -0.756982889119083;-55.4622876291928 179.441679735987 12.2083942473028;-52.9498402405992 177.318973073964 4.66523882566162;-43.5907048573677 175.740759977905 8.22377429687641;-43.1579245282282 172.58780697599 11.8075999766386;-42.4180594592142 176.619302372207 14.8614441411679;-47.3004979251488 183.634482777585 4.41368903275858;-50.324656496726 195.246636642916 2.89302749201065;-53.5528807050641 200.636805449403 -3.25259877404235;-64.8599852103597 196.544896212384 18.9336262698469]</M09>
               <M010>[-31.4269438176055 182.300228362109 14.3287576035404;-35.5163418034823 180.52818758478 16.999142449128;-33.5562285420395 169.103360812405 24.2521897253609;-25.6911798156751 165.98736051032 22.7307498181943;-18.8487753367865 168.194546907194 34.1123204313942;-15.237514666718 168.926509137108 24.5083460517954;-3.23433360828576 168.412990539095 24.0542126863512;2.20908409274342 168.857275178692 20.9830877400859;-0.684537017767241 169.525194035105 25.8421884355783;-13.1508202967361 170.064265338424 27.5717989660159;-17.5084299732853 177.092833856531 27.4040900185439;-21.0019443245002 175.98460643178 20.3508410205799;-28.3712465991328 172.096981437792 44.4460603621206]</M010>
               <M011>[13.5124993776828 154.023476277507 22.5492521673652;10.0805611703338 152.766057293734 22.307988336693;11.1961670912534 144.99126446389 25.8307191501543;18.2151618751527 143.55402487983 23.7194016774238;23.7936840934192 146.018663900212 34.7961071591178;26.4512267973954 149.122198835501 25.8244700004639;36.4885233698247 150.04789983847 19.193585106635;38.3910695388151 152.1749995912 10.6833599302599;37.5661907750779 148.495610708011 17.7756153563565;28.0577542967924 146.128888920701 26.8851104812159;24.1368554571495 148.572174450101 29.0813925568057;21.9243533320944 144.455332011644 25.019951820478;17.6874847582486 144.682862152199 46.1562984506665]</M011>
               <M012>[51.8631228167273 121.468282262475 -2.00930606989757;49.8573009779564 120.494852181972 1.10572673680549;51.1732475816724 114.291261970692 4.33972889327086;56.4255390446058 113.217164900465 3.12027499033943;60.4952813029742 116.750939936399 13.7802624204019;61.7107269586163 118.975373363521 5.63849571476416;68.3628951422044 119.503563162028 0.102603820119391;69.1591409450714 121.677019685367 -6.53531788864562;67.9642005310246 115.583170004277 -2.69743161348266;62.800335021068 113.004815547234 5.77655624174852;59.1800690002971 114.245274572588 6.95631482671525;58.3961615655404 109.685663164114 1.79842550395186;55.3241593533236 113.329841379967 19.0113778625698]</M012>
               <M013>[-55.7039181007204 146.989051892877 -14.3015988770629;-57.2876311601998 143.405961983897 -11.5708481209424;-55.016678981755 126.444553362181 -6.61836829351094;-50.1805982986571 121.09612982811 -5.10749350178685;-46.7408794940552 120.959230222544 6.58730168774655;-45.8281080536193 118.711941217739 -0.394541602625939;-40.1288613468205 117.257980639978 1.99688035365836;-38.997256348534 114.691120005913 6.71626518117021;-40.5895228355173 118.724746314328 12.1283983269108;-42.7812625658305 125.214224955824 -0.548953969604902;-45.8826935956861 137.064410221195 -0.763103548454673;-48.345641595756 142.400654649715 -6.31142854803709;-54.3821957063077 139.582930848992 15.8640646432762]</M013>
               <M014>[-23.3832145506699 122.61277176582 7.64312820562882;-28.3947631971115 119.636744998705 7.35486255794706;-25.9422689467646 107.280751418089 12.0156030197759;-19.5016401825151 104.317207198576 11.7327523578233;-13.8198308700789 105.78062734359 22.6873868702745;-10.4700297563087 105.817416311927 13.4986750630263;-2.74145109985653 104.448562164782 10.7187564800152;0.179475747165764 104.359915325169 10.7842965570448;-3.13675009652053 104.765438414857 14.1225012936392;-12.6522980945118 107.764651700311 15.8312457548933;-17.7229757523845 115.285840444854 15.7847672318868;-16.2799623949548 117.194162746991 9.90659119968707;-19.5177640318858 114.529103975379 33.6009856524089]</M014>
               <M015>[21.6087694953499 90.0414207434207 12.8897026091657;19.1311926559786 89.0597044458102 14.1463025139636;20.4737706793054 81.1141716033797 15.3678700851079;24.5596154888185 79.6394718691703 12.4614631938525;27.3267399916359 82.8921443268221 21.3902358622346;28.344927974671 84.8670603302534 13.1691993091772;34.9285813456166 84.8698950014054 8.71548859851329;36.6266191931594 85.4120162157625 3.62119066829679;36.0123784444318 85.4566780615918 11.7360468810649;28.1995307710174 81.3824381828073 15.0302121392121;24.8218825039125 84.1773964509391 18.262837019125;25.9557814014122 81.0772540770964 14.1818503329022;27.0166607001432 81.7960504816134 34.8323325506526]</M015>
               <M016>[50.358056477191 61.7532842990136 -2.15974690889905;48.0324179274002 61.1601066688619 -0.0706796254611355;49.6949911443485 56.63755304394 0.925418718238722;52.8729355219544 56.943423981015 -0.343200849382846;55.0720658007066 61.4915222689807 9.31462617127058;55.1078596627595 64.87506790109 3.09058752429543;58.1623017382009 63.6348072563566 -4.39971565644618;57.81485583529 65.4005783887365 -9.95114636044562;57.9437741564901 59.3591086837695 -4.75321728656956;54.6268574450569 56.7342308295574 3.02958993614336;51.6468443266324 57.6489549648518 5.62945387403692;54.0578045578536 52.1245936782171 0.241573820830872;54.0679299088069 53.9565693366787 16.8064250858721]</M016>
               <M017>[-51.4265381824355 105.52874977491 -13.165623287128;-50.9925326930507 101.471105662023 -11.2588931814863;-45.7574971799939 83.7595054623823 -10.3802248291873;-44.0028950313864 76.4616352094831 -5.27677167089644;-41.5289870208281 75.3882084713332 3.84575227073069;-41.4025530874158 72.5631005815271 -3.66286143742977;-36.8763302187093 70.345048616147 -4.47992041179317;-36.1160988262709 68.0594179321048 1.37239080641376;-38.6562386736477 70.8416173109665 4.5040941660567;-41.0555266273459 80.166725906046 -3.2322581720281;-45.1446236651828 93.1721338702892 -1.26328521161036;-47.1209846130828 101.237270922916 -7.68975682674299;-47.9924844545814 98.5869288133061 10.4510369050534]</M017>
               <M018>[-19.0599016967337 76.716358753347 -2.12529662633614;-20.7080525813432 73.6992944097653 -2.03708849799196;-17.1327045925471 60.0124895718744 0.446252597938498;-13.4347713263702 54.5266789769711 4.27523767703119;-9.55934238154246 54.5679007735338 15.7114878413044;-8.40907061636519 53.6775448735666 10.0773990446069;-3.79212893498321 51.9528825184088 7.14596840632327;-1.84309949986205 51.4607014174152 6.03866643052933;-5.7311949463637 52.4720070281969 8.44290497661127;-11.7366942215134 57.7281576867553 9.48431778950932;-15.6826877590743 67.2604803008642 7.77568130260464;-12.6719836608994 71.9320493338608 -0.102719429045472;-14.0389815260301 71.261312224007 24.4884932835156]</M018>
               <M019>[13.0625995855722 35.9892674097601 11.6563622355921;11.4741532191937 34.6614344602989 13.3052287806624;15.7944401156074 25.7218615371326 12.7755064956123;20.7852898510314 23.7051855871963 11.527095493103;24.6912829122311 26.8069862178352 20.6726183281012;26.39889933441 28.6055990140439 14.4891166580582;30.0031858298567 27.042273629809 8.2052208882933;30.6941038439691 26.8738447450937 4.75767054670084;26.453756403717 24.9822564793175 7.6741030072157;21.0781617293575 25.7672638820626 13.3603779734583;15.0129962447121 30.3539412506719 16.969882605147;14.7666077965578 28.8893970827315 11.7395302586272;17.5305414202817 29.1388452421425 31.5335152555201]</M019>
            </mrk>
            <ALs>
               <GT>[-14.0444216836382;325.5963418234;62.4295515824984]</GT>
               <ME>[-4.66293670342566e-015;-12.3884041549391;-48.1813235859486]</ME>
               <LE>[1.33226762955019e-015;12.3884041549391;48.1813235859486]</LE>
               <MidE>[-0.0037773773571702;0.0497037803785816;-0.00390712635824983]</MidE>
               <HJC>[0;353.946920455596;0]</HJC>
            </ALs>
         </R_thigh>
         <R_shank>
            <warning>none</warning>
            <gRa>[0.977599154244551 0.207780759554055 -0.0335715743858996 -0.210292693428425 0.970890142824797 -0.114670461251065 0.00876799510421224 0.119161602613706 0.992836157039209;0.976464795268194 0.215558245667722 0.00715173781438785 -0.212521689349738 0.967302008535951 -0.138424552972072 -0.0367564441106196 0.133646803238574 0.990347159232788;0.980861472776347 0.192577446648536 0.0287175781119108 -0.187533858399406 0.974059026130912 -0.12664938449909 -0.0523624312011793 0.118839983456702 0.991531761533998;0.993495291966618 0.113848305816563 0.00238099351770004 -0.112492048045304 0.98447744726786 -0.134720807505002 -0.0176817700947866 0.133576645011753 0.990880736977826;0.997942007649767 0.0607889261100603 -0.0204072746246629 -0.0629224308514265 0.989637262366159 -0.129069197175121 0.0123498214890559 0.130087648947486 0.991425582431936;0.998562505684808 0.028239375941376 -0.0455572268052843 -0.0345185734324687 0.989043276686432 -0.143533501165482 0.0410047723345285 0.144899742903524 0.988596314555282;0.994586470505853 0.0936824410484378 -0.0449594701168173 -0.0983930752107177 0.988179602949649 -0.117557969071092 0.0334149137872604 0.121345265938238 0.99204776597247;0.99013028571535 0.135522555108873 -0.0357163183050921 -0.138781067263705 0.983618502377885 -0.115041115155853 0.0195405656331378 0.118862440869284 0.992718432610845;0.988842151371941 0.146114593699459 0.0290125180813817 -0.141875260652784 0.983109276000508 -0.115618177133747 -0.0454159785754539 0.11021196833643 0.992869936560396;0.989552331619166 0.14300326463859 0.0183371294658182 -0.139728590170336 0.982591609130362 -0.122432233430927 -0.0355261185897718 0.118590880687062 0.992307461382717;0.983056117004721 0.179865146775432 0.0353440351731526 -0.175140863407786 0.978549996878163 -0.108469270310952 -0.0540957466778827 0.100441194746498 0.993471296308685;0.963884001630064 0.266047093642188 -0.0121068738090243 -0.266215659483941 0.961214456994187 -0.0720832250816281 -0.00754023039133855 0.0727029067627532 0.997325138695447;0.980121371518201 0.198274116517728 -0.00703369317374134 -0.198330102796781 0.978232783075602 -0.061039278076078 -0.00522191967940112 0.0612208939717053 0.998110581897701]</gRa>
            <gta>[-119.856797607948 -343.533267802099 386.171033398871;-110.934538359902 -347.540301107805 389.230872343891;-114.830703029435 -348.501675413714 388.19306302237;-109.868302575832 -350.965880000635 387.565822299366;-111.631681820544 -351.402185408446 380.301598723398;-110.118732051337 -351.518142658771 378.782534710613;-122.029597416662 -349.07637712899 389.095416388977;-124.468826041635 -347.038189268868 394.260371277889;-107.843178599546 -351.180357101439 395.957179316908;-114.482517741852 -350.192585097347 386.422494971181;-110.728865583629 -350.634876744831 385.596080002759;-115.287574210307 -346.651392575999 387.747861908095;-114.572081314003 -348.369918840242 356.994917419584]</gta>
            <mrk>
               <M01>[-12.0247005498022 310.048203585879 -3.64997482479717;-10.8798393789228 311.544672410205 -2.07391863909337;-5.78269701549151 318.844650375323 -2.59887790916683;-3.3192297622136 324.124138461065 -1.39825526714638;-3.41956860750551 330.287238924823 8.18716357087776;-4.87340379826839 334.367328381349 3.40060837051764;-2.99946194528104 331.758099520299 -2.74887079380903;-2.29119324515691 329.972445935852 -5.57301069621465;-2.76665631397697 327.900033805312 -4.49722767176845;-5.95297972731478 327.298344225653 -1.77932831741162;-10.022732360212 321.702816518562 2.22358167408679;-5.81774036837153 313.409897474784 -0.916738658992276;-3.78094847802971 317.666087353821 19.1207039039224]</M01>
               <M02>[32.3864700091799 323.916074710395 -1.44935837711012;33.9166962403146 323.396447577531 -0.308625273004836;39.3056434614382 324.372196282983 -2.04955882163902;40.9536942514438 325.228319761858 -2.45489940159169;40.3632808432568 327.699205052452 6.46744915891266;38.0309568620295 328.830721639122 0.767320905631408;39.139033231574 327.635610874068 -7.30226401738383;38.7471394251061 326.398136921716 -11.0498149077608;39.3510324082815 325.880591410589 -7.91255732715925;38.0634101021619 326.836862769204 -1.12192004021802;35.1483827869735 326.469412440097 2.32983665601704;39.3072792280352 324.153234891129 -3.99268888451119;42.2160210381927 327.358721930686 16.4041310679611]</M02>
               <M03>[-23.6479183122455 258.972159151431 0.264835534160806;-24.1881748609982 259.529022484688 1.29676438541992;-19.3277910134114 261.625453612046 1.03135633446717;-19.2674958973791 266.536946213099 1.85343636193029;-19.9445997174628 271.198490033454 11.0195480791387;-22.4594306767978 274.495018787109 7.9823110607102;-18.990805123089 269.808644265254 0.729913200514027;-18.8710764922562 266.688603884256 -4.30055954351581;-20.9568279044719 267.30793944527 -3.09141649283119;-20.6722210257466 269.930820281139 0.250756417956907;-23.944611934926 265.955339200789 3.50085407976459;-19.9435095402282 261.408788235441 0.176210925066336;-19.1716195297008 266.600280336905 21.5743566147592]</M03>
               <M04>[59.4216884378143 295.765485466573 -22.1417301611117;60.0403890027853 294.098893518423 -21.6013372681603;64.5108514662683 295.449818902648 -21.9523452589784;63.9074215494752 293.060549992991 -23.9927075193861;62.455880511177 295.525953583591 -13.9287883993991;59.1403647812017 295.827505629425 -19.7383238060088;60.732802110956 294.979369547207 -28.405602189334;60.6955470738693 294.604830178814 -31.9880820852986;61.1453533536818 293.089221692981 -29.8539180642017;61.930863916079 296.330996910309 -20.7775501213855;59.8518941259587 295.750095016429 -19.5709750712587;62.7724109798624 295.825944618938 -27.2224673002021;65.895768563887 299.238135380408 -4.20198529086712]</M04>
               <M05>[27.626025720588 281.179288521166 4.35352896064128;27.67212797344 280.456362763665 5.27668789452497;32.1609184182088 282.236549270459 4.57781401151892;32.1785426158661 283.008942934119 4.44095194467738;30.516563390101 286.057538445956 12.4678273293469;27.2451098986944 288.086013346573 7.66063034552179;29.9562454393954 285.517301148079 -0.227766815142488;29.8880777733434 284.082944620635 -4.21688144529817;29.482089031175 283.030009905531 -2.06946716911128;29.372578112667 285.761639373139 5.59771257695871;27.3435221281696 284.463956504834 8.72144858574364;32.2383049111872 282.756167484185 2.0261257992928;33.6365753259961 286.509090665217 23.0560119978618]</M05>
               <M06>[56.7484844458137 249.985270341984 -17.5190843769841;55.9659318097478 248.926477035139 -16.2670602552228;59.8600202549254 249.426449841057 -17.8860136350938;59.145196164465 248.643922241563 -18.1026151881566;58.0598409038781 251.463995183673 -9.22531330330255;53.6380853826019 252.07794950659 -13.7869601258563;56.7775038813985 251.124864810644 -22.9084844301321;57.8833125880899 249.162411242548 -26.5518945870798;56.7210132692668 248.628744747305 -24.0162339549136;57.3350284685673 251.134899169994 -15.7722744063021;55.2033241023391 250.900963244675 -13.4476442412065;59.390539924908 249.916522819766 -21.7875305231192;61.1087852630597 253.269772850913 1.39362294521737]</M06>
               <M07>[21.2896723688522 239.991703059678 13.4452193160703;20.1919925219059 239.208045310434 14.0543956202701;25.4305898102969 240.27381616328 13.5741513949063;24.4386056976537 241.501893948098 13.0130573785901;22.5925077455076 243.707248991508 21.0223403614878;19.7980774868103 245.881057529968 18.1429638557255;24.2349214628928 243.004533035404 9.61242995814532;24.2337341320293 240.958085749953 4.01911253172167;22.3029060720528 241.173880798858 6.45084810622767;21.5202206783202 243.208619383119 12.8362528989644;19.4581501767015 242.291707205454 15.7649336224756;24.7425396539331 241.194811058297 10.1793037200837;25.2968711343253 246.031657885005 32.5658567996613]</M07>
               <M08>[51.7895223394012 203.121060516075 -10.1780863352634;49.579885972674 201.47951877417 -9.04756199571355;54.3903478692627 201.995031243047 -9.70191773601557;52.9212575842325 201.275108680334 -10.7695179908222;51.8914259879412 203.697667735049 -2.63804590175202;47.3354399982104 203.62294233598 -6.97273698485462;53.240161377895 203.084453042067 -15.9115526882561;54.9775334203533 201.397787365515 -18.7433751139749;50.8719915919735 201.760110833068 -17.2171126305184;51.3539445520979 203.099883538987 -9.94962182216889;49.4979403909682 203.940040128569 -6.23456061200507;53.1890291304711 203.115376907055 -14.3337124969728;53.7625637329332 206.891699656003 10.2910449823739]</M08>
               <M09>[12.0160084788251 188.72280919893 13.2304944717018;9.90699731321125 188.467515906463 13.0207976377384;14.658884407 189.273888240764 13.1754781122007;12.2666199667657 190.120372534222 11.5230830397899;10.8254084127906 192.727665845789 19.4346691301925;8.02381423828559 194.275016546294 19.8580554774859;13.7265786057985 191.014351864248 8.79007148018683;14.7821733020809 188.916843689048 2.67995839885233;10.4343696284212 190.002149604047 4.99656346560429;9.79756251147785 191.735191051478 10.3405865457779;8.2534440032977 190.831606994302 12.4800058902721;13.417617631376 190.551237243791 9.42826849329341;13.6630521774747 194.963982375063 32.9540909247111]</M09>
               <M010>[42.6652847896787 154.451461577211 -6.91252454679307;38.8449156015294 154.329832194283 -6.23647612349306;44.0346106002518 154.876517795864 -5.78942417269919;41.2962511405999 153.98622883382 -7.11763284040887;40.8497217550261 155.746308850931 1.09642476051338;37.1354915504613 156.628041900233 -0.716449125079702;44.133850504422 155.055922024413 -11.3687081555104;46.0943826996789 153.11101931036 -16.0921327601921;39.631667203596 153.877059900841 -14.1028484427656;40.9879349752492 155.312165481998 -7.13037135927124;38.9549587934737 156.312532397203 -4.04767939816536;42.7150872666732 155.716705550002 -10.9440211067393;42.4248467333292 159.572099934325 14.4096076544494]</M010>
            </mrk>
            <ALs>
               <TT>[46.5585076175619;282.304145149209;8.88178419700125e-016]</TT>
               <HF>[0;293.547815092124;40.4788247685158]</HF>
               <MM>[2.81025203108243e-016;3.63974464298749;-32.0464859061621]</MM>
               <LM>[-3.81639164714898e-017;-3.63974464298754;32.0464859061621]</LM>
               <MidM>[-0.0496396543856417;0.000960482626593521;0.0503486065904295]</MidM>
            </ALs>
         </R_shank>
      </trial01>
   </subj01>
</data>