<?xml version="1.0" encoding="utf-8"?>
<data>
   <warning>none</warning>
   <info>
      <Contact_person>To BE defined</Contact_person>
      <Experiment_date_and_location>Department of Orthopaedics, Karolinska Institute at the Huddinge University Hospital, Sweden.</Experiment_date_and_location>
      <Motor_task_description>Running stance phase</Motor_task_description>
      <Number_of_subjects>1</Number_of_subjects>
      <Number_of_trials_per_subject>1</Number_of_trials_per_subject>
      <Type_of_segments>right lower limbs</Type_of_segments>
      <Number_of_markers_per_segment>five on the thigh and six on the shank</Number_of_markers_per_segment>
      <Marker_location>The five markers on the thigh were placed at 40, and 80% of the distance between greater trochanter and distal end of the lateral femoral condyle. Three of those markers on the thigh were placed along,45, 70, and 95% of the distance between the anterior superior iliac spine and proximal patella. Three markers on the shank were positioned at 20, 60, and 100% of the distance between the proximal end of the lateral tibia1 condyle and lateral malleolus. Other three markers on the shank were attached at 0, 40, and 80% of the distance between the mid-tibia] plateau and the distal end of the tibia</Marker_location>
      <Reference_data_source>pin markers</Reference_data_source>
      <subjects>healthy subjects</subjects>
      <sampling_frequency>200 Hz</sampling_frequency>
      <Anatomical_coordinate_definition_adopted_for_each_segment>Cappozzo et al., 1995</Anatomical_coordinate_definition_adopted_for_each_segment>
   </info>
   <subj01>
      <info>
         <ref_code>BW</ref_code>
         <pathology>abled body</pathology>
         <age>25.7 ± 2.1</age>
         <sex>M</sex>
         <body_mass>85.5 ± 9.6 kg</body_mass>
         <stature>1.87 ± 0.10 m</stature>
         <other>Averaged values over three subjects</other>
      </info>
      <trial01>
         <R_thigh>
            <warning>none</warning>
            <gRa>[0.9523587313199 -0.299332010158789 0.0584225519217489 0.304859273589444 0.939742495016718 -0.154741288498807 -0.00858313376727893 0.165179873937637 0.986226109500595;0.952851158640692 -0.296655331899129 0.0637987737570976 0.303096435273059 0.940477667597953 -0.153734536374485 -0.0143951520261531 0.165823312008086 0.986050408849777;0.953276835522298 -0.294163490100668 0.0687831080163469 0.30144414042752 0.941202953241581 -0.152539932513554 -0.0198671854702131 0.166147049029226 0.985900833268931;0.95366348298103 -0.291725716904455 0.0736346883273958 0.299814582499912 0.941935079836869 -0.151226722152916 -0.0252423720932582 0.166296155906544 0.985752712997439;0.95398636683946 -0.28952853855952 0.0779951103854267 0.298330953262429 0.942630934855473 -0.149818433375294 -0.0301438917523449 0.166193098572369 0.985632385718396;0.954266054763716 -0.28746743578625 0.0820900121096961 0.296922148196323 0.94333154835488 -0.148198609267653 -0.0348358240346499 0.165795244928385 0.985544723552901;0.954494631375107 -0.285694067282121 0.0855505616340239 0.29568122073628 0.943980169497531 -0.146540285584942 -0.0388923434624493 0.165167610369625 0.985498374481047;0.954703018212085 -0.283985769591036 0.0888494776941482 0.294464119414385 0.944631644977255 -0.144782380437249 -0.0428138925378987 0.164387158797008 0.985466302127272;0.954876995586572 -0.282630598407002 0.0912681113185868 0.293438129828015 0.945230786229882 -0.142943431910237 -0.0458692409202433 0.163274938699542 0.985513727519846;0.955047532055394 -0.281332646428825 0.0934673930751007 0.292420466380859 0.945833607488431 -0.141028570818194 -0.0487286605244042 0.162020767183639 0.985583476243754;0.95521007979315 -0.280262828020824 0.0950076349107456 0.291517049491263 0.946386135715374 -0.139180070346404 -0.0509069083472171 0.160642551509529 0.985698968918521;0.955381707619628 -0.27930085225096 0.0961084110663074 0.290639746738297 0.946936337479882 -0.13725928156626 -0.0526719124553293 0.159067931061148 0.985861584070616;0.95555984099772 -0.278496777562087 0.0966692048169676 0.289835716102325 0.947438997327416 -0.13547916450389 -0.0538576637430891 0.157476637095009 0.986052970598123;0.955748480251302 -0.277788792916258 0.096841256845705 0.289069656601633 0.947908306087546 -0.133822931078545 -0.0546221212471765 0.155894931862353 0.986262233936842;0.955943411267684 -0.277225010916838 0.0965323146726698 0.288381526720019 0.948322038178494 -0.132368451496639 -0.0548478759892733 0.15437488535104 0.986488776049844;0.956141601517169 -0.276818182640409 0.0957336492976456 0.287792177591441 0.948657261451981 -0.131244286777003 -0.0544876166239624 0.153039517949087 0.986716780834577;0.956336838019635 -0.276502972115516 0.0946887462050886 0.287269211557398 0.948941473702797 -0.130332189339222 -0.0538168406523098 0.151842635310542 0.986938479219527;0.956521140685042 -0.276417128976038 0.0930638395469989 0.286912972279961 0.949109770818225 -0.129890682017052 -0.0524237900200233 0.150944406143523 0.987151220681976;0.956689618053605 -0.276453258451885 0.0912061982530889 0.286662279956831 0.94919944962675 -0.129788836493077 -0.0506923264251901 0.150313009149609 0.98733798028942;0.956850939606145 -0.276618606389755 0.0889855380038063 0.286505571801716 0.949207992276888 -0.130072075113186 -0.0484854277222386 0.149954439736437 0.987503331286494;0.956996961849095 -0.276896119686478 0.0865179398400853 0.286443349516571 0.949128570367925 -0.130786713503573 -0.0459023150759117 0.149944975954215 0.987628210237416;0.957137899133368 -0.277210132827425 0.0839141483920529 0.286416281311268 0.948970440030598 -0.131987945464572 -0.0430436504305464 0.150365043164743 0.987693068696788;0.957305384932965 -0.277475080480851 0.0810800819590973 0.286321873178457 0.948759180414684 -0.133700420786311 -0.0398269370894632 0.15120713373053 0.987699457219183;0.957478563851334 -0.27768906445718 0.0782533273802681 0.286187574611642 0.948489627688133 -0.135882663743145 -0.0364893395814845 0.15249986770133 0.987629646399896;0.957702282644979 -0.277722091864438 0.0753443926714981 0.285868325465577 0.948192825974278 -0.138598936743469 -0.0329490259659202 0.15427509345761 0.987478383169243;0.957994994381366 -0.277460073831535 0.0725361852432617 0.285276051796694 0.947880520616663 -0.141915795127864 -0.0293796700378915 0.156647457894736 0.987217508416246;0.958332577626676 -0.276985796055403 0.0698393831800163 0.284484145081 0.947552792443349 -0.145645036751494 -0.0258348961086145 0.159444580705542 0.986868777409991;0.958769960395167 -0.276152005932117 0.0670837734740573 0.283316439411751 0.947256104844766 -0.14979207920771 -0.0221801308133726 0.16262208169246 0.986439101183196;0.959273090320873 -0.275019890385751 0.0644918450538697 0.281864064728983 0.946973212456496 -0.154254283260724 -0.0186490536140126 0.166149916587502 0.985924144149674;0.959846890238995 -0.273602616241136 0.0619318632412839 0.280113785266455 0.946733763526912 -0.158844100620285 -0.0151728244644746 0.169813984654311 0.985359323299676;0.960501935661884 -0.271886604736906 0.0592765194188255 0.278028793770792 0.946560471252488 -0.163472517863481 -0.0116628223055956 0.173496249028342 0.984765469616478;0.961206000347176 -0.269962645430184 0.0565967752519567 0.275709337810046 0.946444156552239 -0.168011367390625 -0.00820889401379908 0.177097793889303 0.984159024476538;0.961981976159624 -0.267762197516366 0.0537966832177472 0.273071243051348 0.946432965035722 -0.172327417760738 -0.00477218633492389 0.18046619704227 0.983569610125631;0.96282982091435 -0.265282665516742 0.0508315191035365 0.270105604526708 0.946523724952227 -0.17645339471323 -0.00130321191785609 0.18362446862794 0.982995603326792;0.963733740697103 -0.262564509246347 0.0477195507752715 0.266856947297369 0.946725665618578 -0.180271694223441 0.00215562545404679 0.186468207862052 0.982458630546659;0.96471492571869 -0.259520794152611 0.0444305018875593 0.26323641922818 0.94705448800431 -0.183832489899961 0.00563024755299258 0.189041673059914 0.981952924614617;0.965775376120479 -0.256133418441117 0.0409095934594243 0.259218485541436 0.947531003829265 -0.187058208950875 0.00914875034920508 0.191260734966623 0.981496628433881;0.966912287010571 -0.252376675982137 0.0372376509489346 0.254797387019452 0.948174344845595 -0.189851793103688 0.0126063791806622 0.193058087623476 0.981106341844308;0.968123186178964 -0.248231080884065 0.0334488694251473 0.249962737854398 0.948958776209811 -0.192343106813612 0.0160039391096524 0.194572792387599 0.980757514575069;0.969424855896625 -0.243597457252947 0.0295926948706397 0.244630582996271 0.949907830299196 -0.194501906929414 0.0192698373815791 0.195794261295301 0.980455649487071;0.970799356965975 -0.238516470712172 0.0256612882268121 0.238848056486834 0.951052212507615 -0.196090017585887 0.0223654739925682 0.196493211799748 0.980250071813161;0.972225709208022 -0.233037145128049 0.0216992936642568 0.232673470509219 0.952341001047055 -0.197255351881487 0.0253026970134582 0.196825574342518 0.980111966465354;0.973747849579132 -0.22693512735654 0.0177643860486883 0.225902106348007 0.953816133390092 -0.197997530369216 0.0279886367576097 0.196812681645381 0.98004153205668;0.975325283421043 -0.22033815057715 0.013845249001137 0.218661175238171 0.955442726754888 -0.198283852934743 0.0304611549867062 0.196418673479449 0.98004684721979;0.976934605022786 -0.213307460961586 0.00993501922975659 0.211009851744385 0.957180718261332 -0.198191611970673 0.0327661406910695 0.195716631094147 0.980112942643536;0.978632614117647 -0.205526917847591 0.00607392997408364 0.202649685766835 0.959090303541785 -0.19768382460568 0.0348038998369938 0.194690718043249 0.980247016248425;0.980365483583418 -0.1971765289048 0.00222149663624592 0.193745862980489 0.961089784075211 -0.196898368515865 0.0366886791285229 0.19346277004974 0.980421387684135;0.982104015643886 -0.188332074970525 -0.00165287429962024 0.184364551395328 0.963133817348511 -0.195915701434275 0.0384891497042134 0.192104865677528 0.98061934813569;0.983872290898839 -0.178785725706437 -0.00556592176488963 0.174300712955631 0.965252212309711 -0.194698300183562 0.0401817951892304 0.190588118503835 0.980847384877249;0.985627325379317 -0.168660089481354 -0.00962027451559042 0.163654528597887 0.96739974000977 -0.193274256688345 0.0419043044927032 0.188921987193578 0.981097605755825;0.987321412115116 -0.158131572016429 -0.0138143081848465 0.152598897061777 0.969522119249691 -0.191677951004069 0.0437036130605022 0.187139697063991 0.981360651334796;0.988950050234554 -0.147132272408201 -0.0181629446145671 0.141070038269633 0.971633804781457 -0.189807780948292 0.0455745811135668 0.185148167211856 0.981653255347535;0.990491015857701 -0.135689667318642 -0.0227125887590277 0.129082668121384 0.973693037955933 -0.187775218351119 0.0475942464573701 0.183057865220542 0.981949390592536;0.991906080207391 -0.123982479399105 -0.0273984096191575 0.116829847575277 0.975674810629834 -0.185497845318956 0.0497304209025661 0.180795488617632 0.982262631139129;0.993190145358477 -0.111969878320747 -0.0321882200757476 0.104282311988707 0.977582704226206 -0.182913246661002 0.0519474211977628 0.178310972030931 0.98260198589474;0.994336417830489 -0.0996308633221592 -0.0369970167677447 0.0914292946275589 0.979380554048555 -0.180151087799803 0.054182767186058 0.175748176164723 0.982942931362159;0.995326080881805 -0.0870908749016998 -0.0417273558390996 0.0784125453759937 0.981046091336385 -0.177200562643744 0.0563690113814683 0.173100393363095 0.983289778434322;0.996155757423363 -0.0743332051772833 -0.0463495583620676 0.0652261377577129 0.98258805393839 -0.173972029966828 0.0584744209505206 0.170280036603352 0.983659214987011;0.996826727782607 -0.0613723607334155 -0.0506942611764773 0.051906159171261 0.98397560845986 -0.170580633707744 0.0603508526725936 0.167407990532279 0.984038789523886;0.997337840855584 -0.0482339302082099 -0.0546874681640301 0.0384875013797471 0.985198726817863 -0.167039459152639 0.0619349936228804 0.16448998952256 0.984432374473636;0.997683413318285 -0.0349215042348801 -0.0583806074955456 0.0249613456477092 0.986248681971918 -0.163372177962193 0.06328299939977 0.161536453627744 0.984835639148148;0.997867337794244 -0.0214626377976473 -0.0616452053463674 0.0113717367548041 0.987116118922445 -0.159600912800239 0.0642764324352887 0.158559524918111 0.985255001150024;0.997894714354854 -0.00784864873975521 -0.0643780845909937 -0.00228050264391329 0.987789879522036 -0.155775329309658 0.0648146462640684 0.155594192137115 0.985692400804055;0.997751231597819 0.00587079326587788 -0.0667683580108518 -0.0159843128840458 0.988256467198829 -0.15196597244553 0.0650921008007952 0.152691482493687 0.98612794787858;0.997438777246178 0.0196683791515162 -0.068768019509087 -0.0297070909572881 0.988517567085764 -0.148157039352499 0.0650643865144779 0.149820473982679 0.986570043728827;0.996963760758736 0.0335003994374806 -0.0702921259553756 -0.0433946239185897 0.988577958550649 -0.144327843754403 0.0646542059634276 0.14693993026186 0.987030136594561;0.996309486190432 0.0473427810145622 -0.0715965698393793 -0.0570691939533859 0.988425735584977 -0.140561987517279 0.0641132968148475 0.144129200091807 0.987479751110081;0.995478502261001 0.0611773411636119 -0.0726628134904377 -0.0707093640639176 0.988068011375988 -0.136827594911179 0.0634250531720034 0.141346870583159 0.987926274985374;0.994474806022703 0.0750113622512969 -0.0734381080864173 -0.0843168372655511 0.987505429998476 -0.133130374734921 0.06253423973826 0.138586872598853 0.98837399176811;0.99328871204756 0.0887912850620662 -0.0741191083049863 -0.0978698636996396 0.986735783967981 -0.129514410072807 0.0616362255359084 0.135899228600166 0.988803506955536;0.991925337885813 0.102506125594 -0.0746767586054985 -0.111350619517702 0.985770125779798 -0.125929736969092 0.0607055482895969 0.133228200227234 0.989224485681117;0.990397708243622 0.116068648901361 -0.0751029177062619 -0.124668590642385 0.984629116491392 -0.122324345347207 0.0597504980148486 0.130512726197846 0.989644535319315;0.988706991205527 0.129440793534972 -0.0755219604509219 -0.137803787392179 0.983318610864209 -0.118720788863842 0.0588948361207087 0.127787286132535 0.990051416736119;0.986867236931272 0.142586128946239 -0.075909502065048 -0.150713445430077 0.981857641994317 -0.115069666828212 0.0581249863503826 0.124999066754465 0.99045278497881;0.984897919680745 0.155421683480019 -0.076290157378113 -0.163315505992378 0.980271943800867 -0.111332662320293 0.0574815910617845 0.12211067316622 0.9908505690506;0.982801041813336 0.167969087391881 -0.0767365486020823 -0.175642894722793 0.978559735216835 -0.10756587816662 0.057023554291354 0.119194086653226 0.991232103981143;0.980592865094185 0.180203188700141 -0.0772298110102508 -0.187665535780159 0.976739064446646 -0.10374221254743 0.056738695849689 0.116222247294533 0.991601285611856;0.978287144956214 0.192104194644049 -0.0777832913522009 -0.199363293886537 0.97482547628962 -0.0998477231960026 0.0566439675881736 0.113186877229107 0.991957757043612;0.975881629924852 0.203732262637455 -0.0784105192932567 -0.210801231262041 0.972806709995342 -0.0959684629784498 0.0567264071982609 0.110182894083707 0.992291209563864;0.973397500194644 0.215038844884487 -0.0790923624983078 -0.221925892889247 0.970706366220838 -0.0920763196682365 0.0569754743738813 0.107179502560341 0.992605837959252;0.970834646308299 0.226080071640286 -0.0797990647474195 -0.232790805399227 0.968518707681019 -0.0882040463554142 0.0573457099443295 0.104208032699076 0.99290087897633;0.968190246371065 0.236898097619794 -0.0805415307531455 -0.243441072676614 0.966236608508794 -0.0843994106109927 0.0578281157050501 0.101321802794592 0.993171587044483;0.965488268872665 0.247441527083756 -0.081271725364502 -0.253822871078878 0.963877171729965 -0.0807139884723766 0.0583639682213251 0.098557031673555 0.993418420767985;0.96271614972506 0.257794341584361 -0.081973730582678 -0.264019060680669 0.961426039658895 -0.0771615568992103 0.0589198663937133 0.0959273043137277 0.993642995059719;0.959875949679991 0.267959148458647 -0.0826804449870189 -0.274036440507825 0.958886533876788 -0.0737607241257884 0.0595163044865536 0.0934585999631707 0.993842693585453;0.957004394843081 0.277851358971394 -0.083313927819892 -0.283786099860691 0.95628800536963 -0.0705599058391739 0.0600669441280857 0.0911694746278857 0.994022177377944;0.954092492861352 0.287522641255923 -0.0838942538606069 -0.293319842693474 0.953626636573535 -0.0675256092139998 0.0605886536233125 0.0890335261722462 0.994184110851431;0.951147319445536 0.296960506382192 -0.0844584771399698 -0.302628993509547 0.950912408381273 -0.0646628477096874 0.0611103019054001 0.0870634781970023 0.994326647417875;0.948254181386871 0.305960676893788 -0.0848650203382401 -0.311493435147159 0.948229347571008 -0.0619107766489995 0.0615292397363818 0.0851420495393144 0.99446718601355;0.945377685245825 0.314647329719176 -0.0851944255209059 -0.320046158100918 0.945544761547033 -0.0592921630218237 0.0618990219962106 0.0833196364103706 0.994598587000985;0.942548925115933 0.322955829827801 -0.0854462154986142 -0.328222608112138 0.942890822582024 -0.0568050720856843 0.062220923224149 0.0815869393397618 0.994722136097465;0.939870419594766 0.330659806360523 -0.0854850093781356 -0.335777638208 0.940373592960042 -0.0543220336776798 0.0624257322761689 0.0797596271370611 0.994857492221243;0.937275529213785 0.337954383837683 -0.08544832813994 -0.342924884873117 0.937925120046447 -0.0519518288476663 0.0625867851209676 0.0779955359668096 0.994987231424339;0.934833905845409 0.344687451705968 -0.0853002292978322 -0.349507592751993 0.935616347464012 -0.0496637993593746 0.0626898005302611 0.0762404813373253 0.995116765970169;0.932598446190565 0.350762959060853 -0.0850028512099382 -0.355420042381294 0.933506782558002 -0.0473463873161092 0.0627433792254062 0.0743668842233073 0.995255160697142;0.930489236111768 0.356399368073032 -0.084671553176266 -0.360898855388209 0.931511759324059 -0.0451426452534328 0.0627837372224557 0.0725626121231875 0.995385789361211;0.928616575875571 0.361344941961208 -0.0842679531505408 -0.365685779605005 0.929744631216646 -0.0429980385425075 0.0628105532837429 0.0707442834642827 0.995514982686507;0.926940029512202 0.365730109415508 -0.0838073311521076 -0.36991074584291 0.928167320400887 -0.0408835596515147 0.0628348772407576 0.0688978403635187 0.995642940915759;0.925403250629247 0.369707670250185 -0.0833370402822384 -0.373735081337583 0.926720301537591 -0.0388789364009126 0.0628562861010199 0.067124669654728 0.995762705679084;0.92411533287343 0.373024540639895 -0.0828465064358437 -0.376906323315659 0.925511574739598 -0.0370128149118835 0.0628687123528171 0.0654294819131589 0.995874745087792;0.922979048187407 0.375941097333585 -0.0823284151595816 -0.379682738998383 0.924444781967591 -0.035254259311159 0.0628545488708169 0.0637976208687515 0.995981510499935;0.921964251721727 0.378538012087273 -0.0817978725408695 -0.382148364786071 0.92348850609932 -0.0336393578086622 0.0628056194820867 0.0622732085849354 0.996081071827995;0.921157960580466 0.380614567021422 -0.0812438491846125 -0.384107286234277 0.922724659227213 -0.0322613687831735 0.0626865561422526 0.0609241711073707 0.996171993710877;0.920454448917782 0.382434757317268 -0.0806676134712359 -0.385820082236295 0.922051098051237 -0.0310586014766753 0.0625017728599797 0.0597112131696481 0.996257044848953;0.91984516248495 0.384023569535826 -0.0800673160159514 -0.387312122367883 0.921459154616873 -0.0300390785418631 0.0622430471612873 0.0586423431806763 0.996336729558013;0.919402248388493 0.385215720029722 -0.0794251515589793 -0.388426807633494 0.921011557721522 -0.0293653819152634 0.0618394758211675 0.0578494562235407 0.996408209342338;0.919040025014013 0.386223309149245 -0.0787209495118597 -0.389366307616029 0.920629677094243 -0.0288942234159264 0.061313219746659 0.0572062332543941 0.996477865264022;0.918755186395634 0.387055387039922 -0.077955338717121 -0.390139158806227 0.92031101443388 -0.0286194597721985 0.0606658407762885 0.0567077073691007 0.996545980719328;0.918616642378376 0.387576703716483 -0.0769919676443158 -0.390610880943251 0.920108673910379 -0.0286909024539354 0.0597210518512148 0.0564298407861401 0.99661881832255;0.918539299084541 0.387977158825955 -0.0758899220359344 -0.390963324507589 0.919951721865532 -0.0289224536755928 0.058593813045867 0.0562365865427747 0.996696649641586;0.918525749210806 0.388250148947503 -0.0746476381339013 -0.391189481204068 0.919843111187626 -0.0293162172860243 0.0572820899760195 0.0561290712813821 0.996778957204188;0.918611788541258 0.388330629967395 -0.0731553400795757 -0.391220960379724 0.919809812423676 -0.0299344137856132 0.055664549873313 0.0561180077893731 0.996871218909019;0.918733706093128 0.388338631452351 -0.0715645485565355 -0.391178348587935 0.919804533352307 -0.0306450651910029 0.0539247335125705 0.0561491562381824 0.996965092352455;0.918892749546778 0.388269245581682 -0.0698792370149675 -0.391055681057773 0.919830119255638 -0.031432563093076 0.0520727293581233 0.0562098269485849 0.997060121663486;0.919092137079844 0.388106714019441 -0.0681382571764095 -0.39083708874897 0.919894393991246 -0.0322594786335342 0.0501598805444715 0.056280391225633 0.997154202692469]</gRa>
            <gta>[-6.96849185494907 334.539621285353 -89.0788545363505;0.664176351262234 333.602462897054 -90.2845262420076;8.56698438288298 332.598263594217 -91.4803813607892;16.5544682909279 331.563275473429 -92.6804753618583;24.7425357589732 330.479085786236 -93.8483401358222;33.0197050131045 329.340767878265 -95.031215960539;41.4532835253352 328.157585949699 -96.1854126658031;49.941490317673 326.945224053765 -97.3225004697251;58.5733819502117 325.668134653101 -98.4563216376213;67.2526701858792 324.365317095521 -99.5603869328023;76.011386025459 323.036244104812 -100.660550855703;84.8253133176867 321.670829744483 -101.725783634798;93.6819197398383 320.296918534144 -102.777729191276;102.563644517291 318.920983639162 -103.812171520764;111.473496271787 317.544986896478 -104.81539536626;120.388558441073 316.193792300335 -105.816990259065;129.320997180543 314.857663115835 -106.791422735958;138.236217025747 313.567696334873 -107.788172970439;147.165122235252 312.312753383721 -108.766158205881;156.074855893323 311.102635998807 -109.768216810874;164.966217844931 309.941764750452 -110.777033742774;173.837509568102 308.832707846505 -111.794463334478;182.647306913659 307.780255249703 -112.85141481339;191.409158903191 306.774357671941 -113.893626144328;200.084362091488 305.819877097093 -114.960932323143;208.65311579856 304.916455274416 -116.03751166359;217.128348840474 304.042164570491 -117.080161463564;225.442318937676 303.190044292787 -118.154107951066;233.641165456885 302.346623111403 -119.191922219101;241.698534570399 301.483857848909 -120.179319699499;249.591265932108 300.590769254893 -121.163629877797;257.357094718497 299.65483726701 -122.079093963641;264.95273987472 298.650944947933 -122.924088498591;272.379359292146 297.587985667394 -123.741765501183;279.648356443015 296.456055866114 -124.455688898929;286.730941274035 295.261044179725 -125.115019047794;293.630190477224 293.995464619604 -125.716094148461;300.329213130853 292.659970790689 -126.178992004732;306.838893234773 291.273585232025 -126.586411056233;313.117689086879 289.83530221449 -126.93906327858;319.188169752511 288.333118460021 -127.141695918465;325.082339782495 286.786331242743 -127.269654079259;330.70650520126 285.200204292714 -127.338269521243;336.129179773324 283.583311197388 -127.305700814219;341.381659164487 281.946463302009 -127.206354765442;346.341360953795 280.304273830178 -127.04326875065;351.094283220257 278.674781566767 -126.824411404622;355.672997038725 277.067237258913 -126.571127508051;359.993396231282 275.497927982195 -126.279680901513;364.095297380253 273.982218604216 -125.964899904399;368.040340777096 272.514519122943 -125.634463887372;371.782710227742 271.103698700566 -125.263323012376;375.31571006885 269.772184630112 -124.9174675948;378.71530220201 268.505761397586 -124.555227264952;381.955581141726 267.316009227018 -124.150151312212;385.005733219179 266.228805872839 -123.78130255577;387.929238814866 265.225647838128 -123.415230909306;390.718531334057 264.330181649589 -123.023288997299;393.361728694143 263.550428421941 -122.664886471453;395.881260809858 262.880214987842 -122.328184789569;398.308651121797 262.333399174513 -122.000916662978;400.637508763493 261.922456138131 -121.717274160896;402.869974165691 261.648782717431 -121.469588862782;405.065187783462 261.518738954762 -121.256523781144;407.218989019933 261.523057872586 -121.083927781798;409.345097303089 261.684350230886 -120.942184543868;411.500424434007 261.989804259706 -120.836441420197;413.676941254979 262.417662201166 -120.752509347299;415.905777600606 263.003137931627 -120.675697124114;418.216730197629 263.726993606504 -120.624340387398;420.604170183387 264.564762789614 -120.570002786824;423.114990105415 265.529979479167 -120.484669058186;425.74833096235 266.617146219704 -120.414788972793;428.509510813429 267.800081287803 -120.322877877523;431.434014872325 269.079988483775 -120.188749825704;434.504188975433 270.456934071993 -120.071644813405;437.731490450826 271.914464582309 -119.932425827445;441.129345481183 273.440595350628 -119.756999654773;444.673622998992 275.038353649297 -119.598725770967;448.392302651177 276.696895690663 -119.419838350718;452.273214305972 278.401102732205 -119.210694274213;456.302775605675 280.152300734622 -119.020177229031;460.524304326184 281.944522681236 -118.812421531542;464.897325573135 283.763682172202 -118.587012615158;469.427357189637 285.61027386677 -118.393004690075;474.168317147924 287.46908157569 -118.176432844692;479.056699981569 289.330982198558 -117.962195898505;484.118988723872 291.195106131931 -117.79576032471;489.421700981045 293.020856308819 -117.598433468399;494.875371085157 294.820287850538 -117.429721973622;500.541785535729 296.5826763723 -117.318009150603;506.467041965521 298.26256138901 -117.177558822293;512.572269338786 299.885192073057 -117.087400788756;518.957632717052 301.425376854252 -117.052061740865;525.621510490697 302.85884219011 -116.997819677108;532.488561533633 304.211164964905 -117.003805179539;539.692943241022 305.43819874243 -117.071276174331;547.154687382117 306.552248246107 -117.145110951092;554.82059321723 307.570310890794 -117.278011078875;562.837294784212 308.435525686655 -117.490829874126;571.07157499933 309.190345457594 -117.725833517625;579.4922053472 309.846079518758 -118.014940530805;588.228662514437 310.332909595762 -118.385217619099;597.123013380573 310.719025327976 -118.777762477542;606.159328690397 311.011651096966 -119.204904139151;615.397600672816 311.136438733397 -119.681598204273;624.688839093605 311.175015615846 -120.159299620029;634.029670456077 311.132386444507 -120.635975242732;643.329308569061 310.938877978548 -121.115171147603;652.530820764921 310.684498655375 -121.569314013053;661.626476738322 310.366361177243 -121.996370221143;670.352855528441 309.957441973932 -122.403128187341;678.795155989151 309.522341374239 -122.773784586916;686.91662672939 309.058672357659 -123.095416024077;694.281040171118 308.578818699575 -123.413554704265]</gta>
            <mrk>
               <M01>[-23.6559244991957 299.573570308476 83.0855026083995;-25.4287572476196 299.381530061267 83.2229415558066;-27.1545089521779 299.150947425425 83.4083964544343;-28.873232608476 298.898357426466 83.581706190275;-30.5014607102101 298.609373710677 83.800028816983;-32.0889679144145 298.287271267661 83.9891555845098;-33.5409703719839 297.928804904298 84.2270409663749;-34.9645899046668 297.544659370578 84.4340165931072;-36.1892904182073 297.110762044646 84.6841718855726;-37.3688247639683 296.650889932257 84.9039258481376;-38.3785946038147 296.159646026025 85.175789681557;-39.284205720619 295.635322101608 85.403457965428;-40.0317749034408 295.091555185675 85.6497572564299;-40.6601827518226 294.533913608503 85.892915474686;-41.1302016118874 293.969911572189 86.0974963276561;-41.4256404538857 293.412837865224 86.3037664208136;-41.6253776728709 292.86163876789 86.4820028845782;-41.5905160609519 292.339777253603 86.6703952013075;-41.4558464559629 291.846771025342 86.825266781045;-41.1701890198534 291.385912509753 87.0021058232001;-40.7536015931047 290.975867692178 87.1558403307624;-40.2474952075366 290.61713397094 87.2838000572942;-39.6385145522328 290.316169566278 87.4085701690286;-38.9667821434609 290.080645155802 87.4767361472453;-38.2388906420559 289.909352554355 87.5092408459349;-37.4906907275087 289.806827866533 87.4556345877634;-36.7150732822463 289.769482964839 87.3251253051891;-35.9092443853315 289.804828477685 87.1531264509922;-35.1001901924987 289.897724784472 86.8972340386116;-34.2685702072613 290.05162309085 86.5964403126039;-33.4199712052486 290.255921914777 86.2919797693453;-32.5585663869427 290.495978308524 85.9742878400972;-31.694789128872 290.767388502162 85.6712838264301;-30.8582019653942 291.052009080544 85.3873861999407;-30.0493395346916 291.329677061039 85.1302992727215;-29.3092025081309 291.590612879442 84.896436190073;-28.6722171968494 291.817388391666 84.6873759091294;-28.1401917045521 291.981652880811 84.5196436600189;-27.7420825257379 292.093639290438 84.3627883454987;-27.5207939842934 292.139931947772 84.2058234616605;-27.4461829504382 292.097100920565 84.0993096176736;-27.5132038386311 291.993029466272 84.0113205719717;-27.7919392304719 291.8144506502 83.9260855253816;-28.2113282849374 291.573814515171 83.8697107411245;-28.75390546709 291.288240634188 83.8278330674098;-29.48785829071 290.949462597218 83.7900978714555;-30.3327797807036 290.58562015717 83.7593121166193;-31.266366899922 290.207523004112 83.7314563649572;-32.300257581085 289.820253344078 83.7118287849831;-33.3790519891252 289.447501298266 83.7159245393024;-34.4672890559633 289.093540820282 83.7510057973726;-35.5350196710614 288.765228636196 83.8221163776524;-36.5293550840549 288.477735341935 83.9553837683033;-37.4440178959795 288.227684574144 84.1464979418364;-38.2473465523711 288.012342905538 84.368643665405;-38.8777545017788 287.838685583197 84.6659975879066;-39.3708907075543 287.696771178214 85.004690243549;-39.6982910295802 287.581736893248 85.3360431279542;-39.8354016505067 287.494399252796 85.7064593970199;-39.8078530194304 287.42810063957 86.0991712052295;-39.6280862879122 287.376079000742 86.4492849163807;-39.3066693827443 287.335359849181 86.7991670075774;-38.8539646087018 287.300126132728 87.1431716814198;-38.3084854923356 287.268448336002 87.4234899393269;-37.6921016685293 287.242810393347 87.6784843629712;-37.0095168095399 287.207699294274 87.9047660699224;-36.2978137514956 287.173501925221 88.0792263427743;-35.5737668738911 287.146613381553 88.2323035735224;-34.8691087564062 287.101929222164 88.3426114707348;-34.1875910352488 287.059173800609 88.4201795016529;-33.5435231859132 287.021329456434 88.4797918672782;-32.9653734392058 286.973900926757 88.5096472063881;-32.4339078384394 286.93057504255 88.5414098547993;-31.9628510164698 286.892798830859 88.5743388020441;-31.5762743969077 286.852520274091 88.5967436864464;-31.248702855572 286.819307381726 88.651088495233;-31.002661905511 286.788178030987 88.7127064072812;-30.8511664637433 286.756372858035 88.7707098748807;-30.7721427474812 286.728469866509 88.8603234563512;-30.7916012417952 286.697960979388 88.9537638393286;-30.9079005590108 286.664183281816 89.0364155792834;-31.1027733058054 286.631839100358 89.1417283593354;-31.408725308426 286.593729232173 89.2353211644757;-31.7986258585165 286.555012406827 89.3108758031734;-32.2631854987735 286.521731608648 89.3972037428064;-32.8217159862805 286.490079399792 89.4528536924578;-33.4303190660485 286.471331484899 89.4977552551658;-34.0912031090135 286.469918168147 89.5471300057305;-34.7972185573695 286.487670162578 89.5750031963105;-35.5199979029999 286.532068394352 89.6027861001855;-36.2669099066739 286.603607849825 89.6370254200776;-37.0057104878887 286.703818690767 89.6713768734558;-37.7365253571308 286.838068032379 89.7160924495872;-38.4540839720771 287.003896812313 89.7748234287789;-39.1234478154722 287.200383028389 89.851104217132;-39.7680931214775 287.429334910079 89.9377888481427;-40.3621747759147 287.692673703815 90.0459890646064;-40.9061880674392 287.979821867173 90.1637823889051;-41.42191692331 288.29145968333 90.2867504793971;-41.8892817836451 288.630092841114 90.4138909900456;-42.3300979102692 288.980643509677 90.534619610692;-42.7558242034696 289.344395657167 90.650110926234;-43.1620200593216 289.720744656457 90.7503768051057;-43.5656091327811 290.097243902772 90.8316657647119;-43.9678271262892 290.474838368269 90.8980125221155;-44.3695735799132 290.848852498153 90.923907056528;-44.7700757371754 291.215437039656 90.9260797972661;-45.1686673999557 291.574321709395 90.9057041703825;-45.5562357113131 291.918106522983 90.8476556175941;-45.9346298433295 292.248412988298 90.7739370749909;-46.3033049642273 292.564895745105 90.6832871634022;-46.6467786023062 292.859913816216 90.5727404742995;-46.9712884560907 293.136182554245 90.453781359146;-47.2760267108749 293.39315530215 90.3283707008824;-47.5418873787811 293.627294699469 90.2058556569855]</M01>
               <M02>[-11.0784199403746 127.924499579698 62.2228283867244;-11.6155669771182 127.727728364539 62.1750469211205;-12.1243486120972 127.533503365085 62.1518549067144;-12.6289406008718 127.335843561932 62.1199266745109;-13.0887614783125 127.143213129062 62.1153801979206;-13.5330819490516 126.945310357097 62.0871702862564;-13.9161845406411 126.75484030626 62.087548944983;-14.2857672142993 126.558574230424 62.0682732592833;-14.5701948191958 126.368510814661 62.0643470470144;-14.8324836349244 126.17344239764 62.0379789346569;-15.0248024781487 125.984169875674 62.037471928642;-15.1712928386537 125.788983845698 61.9992950365012;-15.2569480029985 125.595235174583 61.9709591346479;-15.2982988684631 125.399089803264 61.9410916514184;-15.2848559637305 125.199496890856 61.8954801977683;-15.2157340616722 124.997290133438 61.8628833861201;-15.1167345976233 124.791923170372 61.8254953515721;-14.9428580330931 124.58297840276 61.8142000430907;-14.7379708105132 124.373215342629 61.8018532063968;-14.4778514273897 124.163120723019 61.8194752907206;-14.1626854511876 123.958712019962 61.8482764734315;-13.8053102746944 123.762530721409 61.8819803924229;-13.3802273082086 123.577058132995 61.9422276076283;-12.9067207780969 123.411733875273 61.9881435934666;-12.3725866930875 123.264130728316 62.0411751781556;-11.7896750079414 123.136527048413 62.0732082276288;-11.1613793743369 123.036735902487 62.0833499064028;-10.480694457937 122.965462512894 62.0963161470168;-9.77626192576851 122.920130268596 62.0814969979661;-9.0472959570778 122.908693911678 62.0595656409771;-8.31809018782562 122.920737208107 62.0344737111883;-7.59745792164931 122.956302014595 62.0066421050954;-6.90746103087404 123.008791741846 61.9855598743511;-6.27960245345846 123.063467755145 61.9608467914249;-5.71166576891565 123.116861018997 61.9531558752401;-5.23760392541567 123.155665328071 61.9466213799677;-4.87980817593708 123.170588932612 61.9437124574776;-4.62776685896525 123.153540088293 61.967995580093;-4.49546162182918 123.103861701939 61.9878064881271;-4.50491608424641 123.014088492738 61.9956279770434;-4.62228631668453 122.880433148051 62.0315726718485;-4.83790580832109 122.714695451149 62.0655647650612;-5.18175709364397 122.50717017067 62.083197666676;-5.59411693576057 122.269347608932 62.1054801465209;-6.06273896010667 122.01008119728 62.1227744503644;-6.59836083831962 121.726160672794 62.1233350419994;-7.15398744645277 121.431990787358 62.1146939562454;-7.72074147729149 121.1319215098 62.0977088484606;-8.28202414380193 120.83257641333 62.0727913899095;-8.81274910438602 120.549665524379 62.046428716951;-9.31132200747864 120.283339284322 62.0226249576721;-9.75529962029095 120.045725261719 61.9985278517066;-10.1221843021588 119.844491138243 61.9928595161322;-10.4323734065735 119.677637904495 61.994011207886;-10.6713710226504 119.551293887841 61.9924546980432;-10.8197592611721 119.463444369046 62.0159855080659;-10.9095967510832 119.404429270802 62.0476992182407;-10.939560221024 119.381534578469 62.07811754165;-10.910182622067 119.385283583591 62.1249878790168;-10.8408510946519 119.409902149128 62.1784297903771;-10.7490375709407 119.454669960131 62.2358694284378;-10.6402523799756 119.517527811406 62.3068252617588;-10.5258153770942 119.590890920319 62.3777760214335;-10.4243594622128 119.671598012504 62.454546245867;-10.3367571152211 119.759075622726 62.5342067303656;-10.27212745244 119.850498462687 62.6084073938338;-10.2347226027305 119.940522813107 62.6877954175854;-10.21953415114 120.031092380609 62.7643986536026;-10.2286166483914 120.118619367382 62.8323282563143;-10.2516503241784 120.202783005924 62.8955383909181;-10.2826871834421 120.287382717212 62.9487121902879;-10.3088237900551 120.376504555118 62.9958600375818;-10.3193323243552 120.471538973966 63.0269198976866;-10.3094254020741 120.578602666335 63.0518276404119;-10.264999757163 120.704486031831 63.0799903161513;-10.1862368807528 120.848075629709 63.0915231614672;-10.0715135866807 121.013915060561 63.1051584132697;-9.9217835382583 121.206184017792 63.1261350853545;-9.74650389446339 121.419780886433 63.1384108402049;-9.54948107033864 121.656190221041 63.1581622996877;-9.34764339746883 121.909553308862 63.1806750622311;-9.14767289108906 122.176750758235 63.2035139625751;-8.96442834002389 122.450911745463 63.2312713774596;-8.80951097664846 122.725542009875 63.2551104591344;-8.68584410420561 122.999414312621 63.285492141265;-8.61883511695383 123.260981927871 63.3078470478663;-8.59873775784367 123.51488065042 63.3241648059994;-8.63348400691278 123.756638060956 63.3521659536096;-8.75070352997126 123.98031788678 63.3605192031764;-8.91876986299958 124.198349725466 63.3639365542296;-9.15600512155685 124.401201964196 63.3773670416112;-9.4662423890083 124.596379994786 63.3705918860372;-9.81724235034863 124.790826776882 63.3608100857395;-10.2235320049885 124.978688939156 63.352047395042;-10.6624255174202 125.17020747512 63.3315389323367;-11.1190811272008 125.362887410757 63.3062685311133;-11.5910363587549 125.559338189313 63.2746651373502;-12.0584773448072 125.760212579163 63.2346630072971;-12.5201909968592 125.962530658346 63.1853675258808;-12.9585436976768 126.170347351452 63.1232619166541;-13.3696246575573 126.379694970592 63.0539620632943;-13.7578841087852 126.588908082956 62.9763522885843;-14.0932198955292 126.798115075122 62.8893206955172;-14.3915499699103 127.003162326104 62.7986936599041;-14.656634674581 127.20318572679 62.7034335059338;-14.8532714306177 127.394493180334 62.6022216422592;-15.0108248082082 127.580044020718 62.4993359453266;-15.1313083889355 127.759688498474 62.3942908428286;-15.1772925010817 127.932665071222 62.2911176844877;-15.1876216546576 128.102294040489 62.1907016082094;-15.1607813528201 128.268861994633 62.0939064948026;-15.0741645123028 128.434333315314 62.008267145954;-14.961699384261 128.596382681147 61.9297098061793;-14.8237591642296 128.755777496701 61.8597267218778;-14.6599102782175 128.910481493485 61.80368347711]</M02>
