<?xml version="1.0" encoding="utf-8"?>
<data>
   <info>
      <contact_person>Rita Stagni, rita.stagni@unibo.it</contact_person>
      <experiment_day>August the 20th 2001</experiment_day>
      <experiment_location>Bologna</experiment_location>
      <motor_task_description>Data from the two subjects were acquired during stair climbing (SC), step up/down (SUD), sit-to-stand/stand-to-sit (STS), and knee extension against gravity (EG) activities by fluoroscopy and stereophotogrammetry simultaneously. EG activity was performed in up-right posture with the hip held flexed at approximately 45°, more detail is provided in (Stagni et al, 2005, Clinical Biomechanics)</motor_task_description>
      <number_of_subjects>2</number_of_subjects>
      <number_of_trials_per_subjects>2</number_of_trials_per_subjects>
      <body_segments>thigh and shank</body_segments>
      <number_of_markers_per_segment>uniform spacing to cover the latera aspect of the segment, reulting in 19mrks and 25mrks on the thigh for subj01 and subj02 respectively, and 10 mrks on the shank, more detail is provided in (Stagni et al, 2005, Clinical Biomechanics)</number_of_markers_per_segment>
      <marker_location>dominantly lateral aspect of the thigh and shank, more detail is provided in (Stagni et al, 2005, Clinical Biomechanics)</marker_location>
      <reference_data>Bone pose was estimated with a combined stereophotogrammetric calibration of anatomical landmarks and use of fluoroscopic references as techical frames, more detail is provided in (Stagni et al, 2005, Clinical Biomechanics)</reference_data>
      <subject>in-vivo</subject>
      <measurement_error>fluoroscopic error was quantified and reported in (Zuffi et al, 1999, IEEE transactions on Biomedical Imaging), stereophotogrammetric erro was quantified via a wand test in 1mm</measurement_error>
      <data_processing>none</data_processing>
      <sampling_frequency>stereophotogrammetric data were acquired at 50Hz and fluoroscopic data at 6Hz, thus sinchronised data are all downsampled st 6Hz</sampling_frequency>
      <Anatomical_coordinate_definition_adopted_for_each_segment>defined according to (Benedetti et al,1998, Clinical Biomechanics)</Anatomical_coordinate_definition_adopted_for_each_segment>
   </info>
   <subj01>
      <info>
         <ref_code>001</ref_code>
         <pathology>IK</pathology>
         <age>67</age>
         <sex>F</sex>
         <body_mass>58</body_mass>
         <stature>1550</stature>
         <segment>clinically successful knee arthroplasty (excellent Hospital for Special Surgery score 85?100, (Insall et al., 1976)), follow-up of and 18 months</segment>
      </info>
      <trial01>
         <R_thigh>
            <warning>none</warning>
            <gRa>[0.511779171111003 -0.850645915744042 0.120347874431714 0.858563215337837 0.511435331253123 -0.0360986433274345 -0.0308429913660741 0.121800791202567 0.99207523764381;0.512447300385975 -0.84908312683513 0.128279432826626 0.857905458891739 0.512717109152107 -0.0334573522828363 -0.0373629864899426 0.127196754925864 0.991173543218786;0.547541771482706 -0.828391412151396 0.118176484931277 0.835823610963829 0.54817984711717 -0.0299624999841316 -0.0399612895758056 0.115180416128701 0.992540461178212;0.582873616503355 -0.80622392619553 0.101298237148938 0.810720316403554 0.585405722445426 -0.0057195746333679 -0.0546893095190995 0.0854583276107028 0.994839662290515;0.631492832815021 -0.766076872208431 0.119762401470263 0.77347915584994 0.633197263941985 -0.0281287261952095 -0.0542844580887758 0.110396809646468 0.992404021570796;0.64630575802091 -0.754667690230961 0.112984730409912 0.76120899631657 0.647974178927299 -0.0262741737363795 -0.0533829176542012 0.10298614250952 0.993249273120164;0.669891498723433 -0.7295336093664 0.137935120901901 0.737991440754912 0.674618591856833 -0.0160746299773548 -0.0813266138105934 0.112563196027773 0.990310814232641;0.675301714900308 -0.724246351023751 0.139408829407616 0.733099829751329 0.679848071460962 -0.0192676979605533 -0.0808222634860381 0.115212098022411 0.990047440375595;0.678871186910477 -0.724307683792675 0.120466989739798 0.730764760067118 0.682470008481154 -0.014749840782116 -0.0715316841503352 0.0980462722976221 0.992607750650355;0.574676710311855 -0.811799313062793 0.1035787563704 0.817553363740428 0.575168159908753 -0.0280729424750552 -0.0367856071124291 0.100814026425542 0.994225000281747;0.532900539247223 -0.839018052042813 0.109844109772075 0.845459026391662 0.533292279353645 -0.0282556951776635 -0.0348719771782261 0.107926168777882 0.993547123844969;0.532073547242854 -0.838779964068467 0.115524530022952 0.846086426824631 0.531902396866974 -0.0348941740927238 -0.0321792401688483 0.116310003242944 0.992691532978791;0.500990246204873 -0.861510116933955 0.0825172494896775 0.865396648217603 0.499762787956177 -0.0364115622203221 -0.00987012138553387 0.0896519882164701 0.995924244966789;0.469714190299331 -0.874796751744931 0.118740167606751 0.882356360088351 0.469554099938641 -0.031083852363676 -0.0285628793095779 0.119371668052961 0.992438696742424;0.487395218532293 -0.865755384750676 0.113637667885187 0.872496839369258 0.48802380905593 -0.0241253377284785 -0.0345712463190397 0.110907079781185 0.99322930312308]</gRa>
            <gta>[-4.19616001821361 -16.9912942113301 334.863929753937;-6.11481410623818 -18.4741348311954 326.03161616461;-15.6037404482127 -30.7126848916642 323.589087591291;-22.2173427124103 -43.4875331343216 324.675511892976;-37.4843101627866 -64.9750057088643 324.097867693082;-45.3704062335277 -75.8292176401079 323.988561211185;-49.0992030763764 -80.3384286274113 320.97922370429;-54.908335476345 -86.2263329309005 320.6504867947;-52.8746930300675 -77.987393126124 313.170481191966;-21.0667179508473 -40.1148845630643 319.511402656102;-8.2987361461528 -20.2165205010614 323.867221319779;-8.93871401849077 -15.2626266210401 332.488653575085;-1.66763192880887 -3.73796242702941 324.589983482037;5.06011465361432 0.837260387543054 324.949961286923;3.50289200400653 -1.15368736754148 320.996365658883]</gta>
            <mrk>
               <M01>[-82.6851117914157 300.711289465548 16.9612379440447;-82.3919115489441 302.279386307831 23.4678649277776;-82.7883412309154 300.087603170236 29.3233532399382;-82.5390050707541 297.085838954109 38.460072642697;-77.5568274274756 295.859807231899 35.991608715499;-71.044223591949 294.703537814116 39.9993785840393;-77.0703195028661 294.267246365426 39.9744572078844;-72.694765281706 294.465590808866 40.1226813468771;-82.4071935078164 292.73037295587 50.7461619990271;-80.3642419741852 299.222969973357 42.2795253555427;-86.5655079636789 300.932620355194 34.253464447605;-90.5218348260909 299.50894794495 21.5619831991393;-88.4101269373333 301.188789761323 38.9910918262221;-83.565839838451 305.939672126089 28.9023812705489;-87.7571236097843 303.160157782716 34.5511527118564]</M01>
               <M02>[-36.694751363275 277.026925563516 33.1669059321177;-36.8738464901858 278.599361941163 40.8968850743021;-36.9981947350616 276.191795618699 46.0378575073089;-35.607301014399 275.325253309277 54.3174659919025;-29.3328579637441 276.82391280459 50.5809368714078;-22.2765757909375 276.114990312181 53.5704768306973;-28.1306321902086 277.285149597906 54.8075351261295;-23.8845004661953 277.21656538742 54.4730729214695;-34.0388509522273 275.361851047984 65.0491833893499;-33.5870896156658 277.172411316778 56.9587218200323;-40.7395967320711 278.647939002728 51.3139675770095;-44.0890471213631 277.394783538172 38.9668311092416;-43.1229374556435 276.660112972446 54.5592460445561;-39.0277535849521 280.283020407715 45.6206068443481;-42.7865147424198 278.302446865499 51.1267364000533]</M02>
               <M03>[-83.2249523023552 251.495052447615 4.48978213176641;-82.6523468464912 253.17168058149 12.0709440063502;-83.5986749181903 249.167313823539 16.8729928860607;-81.9780205680086 247.51371765913 25.5864377929835;-76.264151639067 245.877216424324 26.051516029258;-70.0708978302875 244.691421665493 30.0992148541463;-74.321638667444 243.871633171085 31.0833902011539;-70.8053986445564 244.483185323999 31.6686032919321;-80.0619801931971 242.302602167363 40.8390293145686;-80.8237639256468 249.016438506343 30.5781483673202;-86.8976173893629 251.682039773284 22.368271618892;-89.7494780207854 249.580608424647 9.79275158768661;-89.1985082013599 251.907291860358 25.404974302351;-85.3740878940604 255.838016190445 16.613662337904;-88.9377967964427 253.323915800014 21.8585736798317]</M03>
               <M04>[14.7633318103756 284.434897288676 31.0095333056397;14.7812677174539 285.895887385407 38.6845312758876;14.0495407111406 284.605185235518 41.8341389099114;15.5761923773861 285.5753700658 49.9153310645336;21.601457686205 287.570745070398 43.931640559789;28.4966660073124 287.413156770425 45.6670046049331;22.844797032252 290.312747069232 47.331455350365;26.6749011450609 289.968958282807 46.4595011621194;16.6661333207744 288.562143606031 58.3026361705461;17.6140680350206 287.004711247527 52.2941467517505;11.765915575784 287.327990649111 48.9540472198395;7.2895014982135 285.838153055852 36.6356149059338;8.491706709176 284.867221125693 52.1403907526063;13.2499461848473 287.03245026209 43.8536829477653;9.0770039203275 285.515064340755 49.6014898217867]</M04>
               <M05>[7.89052541649062 247.835435347685 30.6808737303415;7.67038472513566 249.539749145221 38.4829801237172;8.46280474436195 248.685661695527 41.6290043151796;10.5586650162491 250.13133684141 47.7496091835756;16.4296862705698 252.472199606757 41.9812897073131;23.2902036408454 252.371638715808 43.3849310607311;18.5020836779644 255.212885780224 45.2423136489491;22.1938196475215 254.940212078593 44.0675579186479;12.7482455484443 253.339564774562 55.0731406007747;12.1791764726208 251.628964964857 50.1054262503097;5.00547137580456 251.804013188325 47.4945926521411;1.42224780003339 250.007283632955 36.0023537306091;2.39864874512983 249.002214561112 50.7901591793959;6.17395567482959 251.483111964438 43.5171127285672;2.60984446760807 249.889475966013 48.9390079645715]</M05>
               <M06>[-34.7920608074202 233.200391947418 29.8962960327717;-35.8783441680802 234.593430858838 37.0739331707495;-35.135083551766 232.285222243871 41.1790147517311;-32.5910829593373 231.870721276279 48.4228798044964;-25.2964584832481 233.709697695582 46.1651634657986;-18.1387674228245 233.051616729307 48.3812099573883;-22.4096403961046 234.382978463838 50.0685765893942;-18.7543971751242 234.217264978889 49.8101363593968;-28.2772725863323 232.951364621951 59.9767375833061;-30.2444148789566 234.443760067261 52.661857374355;-38.1259053537277 235.997971865122 48.0477457497614;-41.3152534657153 233.671484968173 35.8271516811266;-40.846235816694 233.530828193131 50.1905489855127;-37.2932164693979 236.848035780136 42.4998267135561;-40.3153792666406 234.479035475378 47.4443628044198]</M06>
               <M07>[13.1469040143056 200.380196294201 23.6674910614367;11.921058706705 202.085293461119 31.3348843491558;13.0348812425323 201.84219603042 33.2947983813597;14.9868047300714 203.52283926124 37.6814564630858;20.0233012274121 205.887300665232 33.7790019335218;26.2331229846275 206.367071379659 34.6318917653761;22.0806504053288 208.924232788038 36.8637909292155;25.3968024994607 208.70602133282 35.55845136998;16.7042376502407 206.943271270735 45.7655996888216;16.3092217253383 205.363622316222 40.4678546104517;9.86554737839822 205.217218877017 39.4868318902016;7.70291769246202 203.583082632432 28.5917691938273;8.61686452363404 202.768164541176 42.2753123994438;11.1236668077334 204.464014696853 36.6890677487708;8.55827798297085 203.113914101383 41.6066784410765]</M07>
               <M08>[54.7870969881898 165.974293338757 -6.30596563654834;54.6728136208359 168.248463867739 2.93048225668408;54.5752699701678 168.857651758147 3.30465643712566;55.4301933639858 171.084060810461 6.47769302181494;58.809033720923 171.872689617657 3.75135832237631;63.5920335543029 171.903394170749 3.99501605605125;60.3863754663455 174.719370325926 8.26058780162926;63.3295114815215 173.878940544482 8.0589515569128;56.5864592958167 173.673687858328 18.5763668760685;56.4030159876915 172.084998892311 10.6042554265753;52.7276947259229 172.355325312135 11.5941564496685;50.8098399252777 170.795856936863 0.252656377323929;51.4817464147793 170.379874001462 11.016885575839;53.4059260531053 169.92036375111 7.1497769375953;51.5792352278308 169.52837561812 11.7589309578469]</M08>
               <M09>[-72.39124116807 196.126636602858 -2.891989813695;-71.8902018314276 197.025936952372 3.78874127151593;-71.8404407221422 192.989786288488 8.76712477848387;-69.762790778603 191.184467611644 15.0249122473411;-64.1058788380987 188.922200255199 16.6554638279803;-58.3443916518991 187.218974061826 19.3555627413649;-61.5453685744592 186.921649649938 21.5934814588124;-58.8164934580433 186.739545389396 21.7641936960148;-66.9983551666762 185.522540576868 30.2394592989997;-68.7606225942788 192.673879768367 20.7946344322642;-73.7085770052966 195.229465817218 14.1851854602432;-76.3466004383223 193.589944139081 1.62109454745435;-76.6875512291777 195.947990774692 15.7183316767856;-73.8407856227591 199.957999992151 9.70558570090342;-76.4815247727188 197.888009205841 14.1935098030799]</M09>
               <M010>[-31.1059160369315 179.616807827903 24.7260548483909;-32.2698315319691 181.116334455693 30.9499579330773;-31.3920852690864 178.705110044658 33.5336989148319;-28.5951305689875 178.973082895025 38.5982983769445;-22.30790812305 179.937477006073 37.4919911441495;-15.7710117289232 179.338072025061 39.1545764166041;-19.0706986290052 180.501997852369 41.9058115359936;-15.7744734514328 180.649979380767 41.5666149033973;-24.4346104487509 179.243886109783 50.9254247791733;-26.5036292850092 181.790833853538 44.6131432691824;-33.3468249998124 182.732212206849 42.2571234419621;-36.4054044306711 180.216957960321 31.0563718286981;-35.184240723766 180.169953080288 43.7923142321964;-33.1119907019145 183.709299206576 38.0798376128904;-35.2862164163395 181.817139815126 42.5373854353801]</M010>
               <M011>[11.9565521194676 150.613590018077 20.3567822606569;10.4105667338043 152.597695439876 28.8198346637332;11.2741353564604 152.395038480287 29.841441493883;13.4046097212948 154.24816019607 32.8646607749949;17.237280085967 155.923257695995 30.0776957454809;21.8577606802326 155.922101480097 30.2892143956657;17.9962392390414 158.128010523245 31.5529057258718;20.8152059683423 157.820013213838 30.9651134626285;14.0046968620131 156.662026862275 40.9672305058125;13.652287517935 155.436965221323 36.2070959875336;8.82214101371095 155.722368267178 36.1934924662841;7.44056982418608 153.614649567131 25.6002524694742;8.64535926392976 153.074358475719 37.8673305684172;10.4240348163419 154.884763678048 34.1925911734369;8.47972601188009 153.247779032031 38.2173831987448]</M011>
               <M012>[48.7179987218825 114.771848035253 -0.823620375524542;48.248080753464 117.117762987384 8.57880166746614;47.9926211016256 118.434125613184 8.90680878350041;49.4079539551165 121.357246504385 10.5942726729861;51.097906358142 121.908188008405 9.50137670237665;54.6375518995128 122.174419928901 9.45746141565255;52.36093573057 125.151537925651 13.8163946541229;54.0305497035455 124.027405377531 14.0389771912715;48.5879303134426 123.523666159972 23.413933614713;49.0982054151777 121.729524117851 15.1883614853173;45.9275869823787 121.762384526014 16.6496989227316;45.5050734934742 120.064073047761 5.53170914892328;46.1858790378776 119.19512589673 15.1074692836691;47.6659564101897 119.075487155222 12.9438495595123;46.0893613134924 118.204270380625 16.0757097710325]</M012>
               <M013>[-65.6415241649968 139.87192946994 -4.21160010819239;-66.7619117968212 139.316664999773 3.1368345426318;-63.7982461075875 135.031746615427 3.03777535659371;-60.2759183374777 132.960690513519 6.14563236104513;-56.2730001771297 129.900951358929 8.65680326378001;-50.9285436142662 128.58072751282 9.08626702778933;-52.6070472851542 128.125882008277 11.9668837010025;-50.8280274695691 128.144848013482 12.3179672412264;-58.0269266212931 127.244928696471 19.5077630573453;-60.5650515424092 135.018979890809 13.051829334092;-65.3810913111623 137.972820984702 10.2177832831236;-66.6144621945972 136.982269402522 -0.348135864152478;-67.5703703249924 139.694864510573 13.5737366168469;-66.3437151334938 143.502456513267 9.36102160326301;-68.4602842570806 141.323483762092 12.0249357286689]</M013>
               <M014>[-27.706808857533 117.923696546819 17.5267428129475;-29.8442918483931 118.626454688674 22.7193440743984;-29.5506354027248 115.589510100064 21.5514208302369;-26.1836470552557 116.522728082759 26.5041565205354;-23.0782409288737 114.944268446956 24.4056000024834;-18.2248543768095 113.966099572688 24.4018310407955;-20.3071704992729 115.402663105615 28.4393870427365;-18.7051734656016 115.085983446323 27.9855374427784;-24.8843774590134 114.301989353319 35.1385722429186;-26.7620630091992 117.617193355622 31.799776855987;-31.0242082098579 119.616499698665 32.9431710503437;-31.7129334653156 117.695023231029 21.9939990141115;-30.7254928205175 118.787741750171 34.0395265906909;-29.7546756784189 121.803823761312 30.7998787137033;-30.7330565810805 119.995764373309 34.6672224872194]</M014>
               <M015>[18.8680436006056 85.3769795529317 15.0286075148111;16.9911887962355 86.8691260906351 24.1085008153953;16.7555307571423 87.0787961782047 24.2228891875334;17.2568539233701 89.2712961474208 25.117965836031;17.8002935373681 91.251718832558 24.2271667631627;20.9264334141876 91.150997456345 23.4454960820101;18.8798167298504 93.6461460618602 27.635451325189;20.0263248408141 92.8560877637611 27.2500873006524;15.1917694513932 91.6414816785395 35.6067539235247;17.0472430218807 90.8155051031453 30.0309945726901;14.1516584026412 90.5822548148595 30.5060122674569;14.8376522828971 88.6661911369522 20.3022912132113;16.5227257223459 87.8820292814467 30.0661032581958;17.3253326821136 89.1715674358699 28.6492535906261;17.0308116065636 88.0127619703721 31.8831515335236]</M015>
               <M016>[47.0053845686646 52.6254584261821 1.73986829706288;45.7047929576667 55.7962170640535 11.6476358918155;45.7738457171524 59.2194984547686 11.453154293061;44.4496456475083 63.4588327673594 10.6543853057562;42.8987832573028 66.3031050692662 9.21395418332634;45.3055454256641 67.9808057205703 8.22835388860526;43.177466959787 71.0234945675869 12.8469254263255;44.1470133137617 70.2249028139663 13.0593489268033;41.1746880828586 68.5209680928166 22.3458976786273;44.7374336638007 64.6199321579024 16.2508088364427;43.8899494439024 62.5157082967495 18.4428329486795;44.8848358852822 59.4292433577573 7.48057692311811;45.663490788962 57.731737696538 15.4505140692941;45.5089124036911 57.0225011422911 15.0776881546449;44.970034525554 56.0951785397639 18.0167228377647]</M016>
               <M017>[-59.2091550370451 102.572781328782 -11.0165375476313;-62.8268525624996 100.195600901798 -0.366023873438072;-60.9783557343595 91.880989870034 0.0638832587376874;-56.5948815200395 89.6620250123036 1.26022055254577;-52.4680776140167 85.0803170549856 4.27224093234575;-48.1376572549545 82.6448594697697 3.30380744916217;-49.4411003729807 81.6457597636613 6.40574213492301;-48.6562321895149 81.6293320680635 6.44562135975119;-53.8065908660063 81.8475610634244 12.8736996230747;-55.4761672604413 91.4254827684943 6.21447519401157;-57.9390881672219 96.6041973338602 5.12290402774272;-58.9922878278541 97.4214861811216 -5.82673960443582;-60.5489496673002 100.901899066861 4.05216642722796;-59.6074407282825 105.945591178447 3.28102278185645;-61.1239048290727 103.883595385686 5.36346452966481]</M017>
               <M018>[-24.5437948576739 77.203747529839 12.066939353223;-26.5641346230165 75.3014917677098 18.3669749518021;-25.8959106861257 68.1535172392416 12.7939629971407;-22.339380361873 67.359574709037 11.4925279603889;-19.9721176975787 64.4277307161957 13.114360193047;-17.4925793424889 62.0307569021599 13.1661065839119;-18.9112650740263 62.3690049767729 17.7673016922251;-17.727176777367 62.8919854271143 17.9995302618745;-22.4584126508712 62.9578929498963 24.5304666231773;-22.8144127192362 69.6841467574901 22.5403526415223;-26.3095039418354 73.489747156231 23.3513666826351;-27.0353393089088 73.029685183548 13.589130516043;-26.5606867033996 75.9315848552282 24.5756097922174;-26.0110682115336 80.0813737178721 24.9824315217998;-26.5068267587138 79.0608707368176 28.5408382690136]</M018>
               <M019>[7.28529458927203 32.0101602750266 14.8108405732629;6.48550869367451 33.2195590433231 24.0362124834955;7.86707132551745 31.9823238795578 23.5942642025286;8.95121106568122 33.363878581729 23.4566569947092;10.19260882323 33.6567519594505 24.429427972154;13.8852967578518 33.7020244972134 22.6331082071547;12.8723605753233 35.3549028470194 27.0593834434728;13.1190563262179 34.9247610006426 26.9706428370175;9.22156161738559 34.1156804205479 34.794142327279;9.0003901853674 34.6711017756944 29.8667761417893;6.02765860854316 35.3142712694376 30.0160894494235;6.61834212724535 33.5110925660998 19.4591938747293;6.99877078979681 33.7661625343175 28.1648229876693;5.80093849760557 35.5727265860104 28.2995447968052;6.35440449726682 34.4152371073161 30.9059840135373]</M019>
            </mrk>
            <ALs>
               <GT>[-14.0444216836382;325.5963418234;62.4295515824984]</GT>
               <ME>[-4.71844785465692e-015;-12.3884041549391;-48.1813235859486]</ME>
               <LE>[1.27675647831893e-015;12.3884041549391;48.1813235859486]</LE>
               <MidE>[-0.0037773773571702;0.0497037803785816;-0.00390712635824983]</MidE>
               <HJC>[5.55111512312578e-016;353.946920455596;0]</HJC>
            </ALs>
         </R_thigh>
         <R_shank>
            <warning>none</warning>
            <gRa>[0.741851860013513 0.668410134655337 0.0537002283034497 -0.66436675891846 0.743497582453885 -0.0763423824931255 -0.0909540116431843 0.020958091717905 0.995634534433974;0.819742935981374 0.568069193061809 0.0729308963201425 -0.565451624201241 0.822973333669882 -0.054583491934615 -0.0910273826497664 0.00350553813896966 0.995842219837203;0.953851647044483 0.287003390421458 0.0882954933868815 -0.285477748609693 0.957924415923202 -0.0297199135639854 -0.093110124436959 0.00314198982336562 0.995650858799049;0.997339111796869 -0.0250225253522734 0.0684731636522215 0.0244241032342741 0.999655950167288 0.00956291334561004 -0.0686888933812212 -0.00786507184645182 0.997607125360938;0.946569650243961 -0.314859661009387 0.0697803406511931 0.315255997106123 0.94899046065535 0.00554677465630386 -0.0679673328785987 0.016748262243014 0.997546959983944;0.889688472653664 -0.451139386083808 0.0701974414521809 0.452440135088405 0.89178979672959 -0.00298118189637298 -0.0612564331768496 0.0344124628951768 0.997528662140561;0.859591773608899 -0.504073430993115 0.0837374691882541 0.505747523762341 0.862680396282199 0.0014074494540048 -0.0729481306254938 0.0411401855167261 0.996486856598668;0.868185837740605 -0.488912568911109 0.0849579657401345 0.490639241010957 0.871362573737822 0.000636478206260765 -0.074340373522273 0.0411311302649863 0.99638433296981;0.916781290834921 -0.39330547103842 0.069446929821405 0.394664726642121 0.918802225108532 -0.00649842407254433 -0.0612521276098301 0.0333658870223847 0.997564481347686;0.996886225631123 -0.0349257849763098 0.0706968706948138 0.0352807447633963 0.999370301856805 -0.00377804855648499 -0.0705204013541053 0.00626052278600838 0.997490691108093;0.965417454655299 0.24935216725654 0.0761093934193957 -0.248615260109821 0.968412784873461 -0.0191607768493695 -0.0784830904905254 -0.000423808224577996 0.996915354929216;0.912198126721194 0.407044311148225 0.0470054380208204 -0.40546688549415 0.913247343821938 -0.0396975894125222 -0.0590862690686653 0.0171529180589197 0.998105500540704;0.857196029859267 0.514201728920945 0.0284877728778378 -0.513537944439171 0.857621301601442 -0.0276493670082462 -0.0386490729875469 0.00907137525839265 0.999211668921117;0.808442106035045 0.58670426337707 0.0468985432621089 -0.586214044147562 0.809768894819156 -0.025048677866094 -0.0526731473872912 -0.00724217878783354 0.99858554485368;0.778217788005275 0.626561728373 0.042396695693574 -0.625628567402761 0.779371797903121 -0.0341833456253529 -0.05446076480111 7.75036294256362e-005 0.998515908281118]</gRa>
            <gta>[-266.808253133267 -250.060502667518 343.79854722191;-234.858528888942 -282.39593964979 340.769994839793;-147.487499778769 -348.168651015064 338.167167435151;-44.0038818092935 -384.573343705033 342.306927422734;50.0278346144174 -397.281887129723 332.755488182373;95.7810123106396 -390.950706353794 326.335146104079;113.527827466279 -386.538077063374 320.405015363661;102.599145279095 -395.291191511553 319.693149567123;65.7450030236002 -402.880524507987 315.257056879873;-39.5884049614797 -382.23761585894 332.552790948517;-127.30597644425 -341.998441187727 339.127930546278;-182.994386076661 -313.912940840576 340.952369934188;-213.230254443635 -279.282620455606 335.59245248997;-231.401922807139 -256.963422296792 342.057964290633;-245.589103887026 -247.668831261447 335.3479045077]</gta>
            <mrk>
               <M01>[-0.655413607940176 299.534219658955 3.761176206198;-2.90058589380911 300.746321451419 12.6553679392796;-6.2982289700263 305.078027136054 12.2960479024612;-13.5858920645127 315.003674753748 8.4629138474378;-17.4967464489589 326.361491966432 10.2170357445588;-17.5592788688467 332.435898758522 7.67716075749777;-18.4838186377285 336.463267916124 12.529566093415;-19.4884670626973 336.662927610842 13.0916763158422;-18.1945472404894 332.066888642765 20.068100133659;-13.7308534688487 317.961792056534 14.6015418057415;-12.1606734625399 307.284259522433 15.8829971369589;-7.62362536597117 304.845295108454 7.06373961822216;-4.42527339678432 301.462353174851 16.0338959537817;-4.49142062868953 299.012392619727 17.3580409307054;-2.49116680766568 298.959646359254 20.4731420532825]</M01>
               <M02>[42.711527149161 319.005407840934 2.31809392978705;39.9557297489142 319.003199308435 12.247747509858;37.3365522840631 319.148659963625 10.5435415993328;30.995139250183 322.061163733704 8.33740602935699;26.8930222368449 326.706133327403 9.51605838850723;27.2412618822579 330.4131787879 7.68828519244822;24.5911632282436 332.1969634508 12.0745440191792;24.2726124608362 331.978482254172 12.5930465420704;26.6286214866164 329.856675497393 20.6398572341283;31.2581208811141 323.822012630928 15.1896998693532;32.4392798452898 318.033450556717 17.0229716855494;36.6753941436634 318.85797230512 7.60619933222821;39.6341445374664 317.739959045042 14.5191710477484;39.9559223661797 317.077913898186 15.4266443140009;41.5598414561321 317.990156060299 17.7047777586654]</M02>
               <M03>[-13.5406877385068 255.795541187043 8.35614693223557;-15.3714214468423 255.191138891356 16.9068236901363;-17.8778534510212 254.314960853198 16.9659873806653;-28.251838847112 259.996967703604 13.3375894792979;-32.197731919897 268.070876358861 15.9679076748438;-32.6933160992712 271.59721505861 10.9366271558471;-35.3748171454605 275.504678608346 16.3280176840859;-36.5500004729885 276.196608729731 16.281816634432;-33.8375616042468 272.48253047205 24.5379668650702;-26.1690109289776 261.831026227707 20.9044642123715;-24.9594872451289 255.472025725494 18.1382536685653;-20.5965719908735 255.742289083148 11.0229038191984;-18.2431990599181 255.389033128131 20.636094115955;-16.8291366187103 253.68367211892 19.8847373492803;-13.5754121330584 253.732281785412 23.0063721089675]</M03>
               <M04>[72.9403040777715 290.873621922004 -22.6856310202167;67.8436488009764 292.732399486856 -10.5016940471649;63.9617494148145 290.645840087897 -13.2302690581804;54.8393125062792 290.599790114994 -15.4572110191026;50.6951094491337 294.779487686958 -11.4158144506256;49.8625959327498 297.222996242058 -13.4969886304333;48.4278571177224 299.325450240266 -6.97206371305183;47.2656064464874 298.04499390452 -6.85256052880326;50.0067767827752 297.050544101693 -0.365314482852487;56.9989506843646 293.971908717252 -4.95901122756027;59.8754485990157 289.041647454325 -5.01524287266922;63.6806815343517 291.194826526867 -14.556820242892;66.2534146413585 291.206718093001 -9.06759594667186;67.8861245444306 290.766957125925 -8.85171417952764;68.1095336833589 295.470158903743 -0.999055984037171]</M04>
               <M05>[38.1598241502387 278.266117591584 7.1680539514675;35.7693065060374 277.513468858776 16.4103785217082;33.1970550327545 276.080334230753 15.3763958348825;23.3184667930634 279.215956816239 12.9743534375849;18.109073139861 284.912411548543 14.9049791997964;16.7115194946194 287.92987379289 12.173581474845;14.6375664740935 290.929211285306 18.0636256811544;13.1682545826621 290.798169343902 18.2113804953109;16.3825398509662 288.17702496194 25.8962449452325;24.3746383800924 281.448929772836 20.6302343124791;25.9499032415002 276.420971711046 20.8495344820241;30.7203729563081 277.120892250159 12.0527824499149;35.2575717699708 275.494057229839 15.1195483196824;34.9760542297738 275.977851534867 18.9769132966977;37.2817773772173 277.108505801951 21.8016840792349]</M05>
               <M06>[69.0667639023746 247.233921052885 -14.0561142097999;65.692474443421 245.872770780893 -7.49183778360892;61.7486240024487 245.610848886681 -8.64141652838265;52.3844190691863 247.073381671322 -8.47423906862758;48.5443572486431 252.124153628858 -5.16824182245766;47.6465917194765 254.675657661411 -7.08860411472703;44.6877758446211 256.746157570939 -0.941823163039994;42.9620147422933 255.906000574097 -0.426146315417272;46.5571949909617 254.617225054821 5.79558312618058;53.9031289860333 249.119905723402 -0.38011332005744;56.2485243485602 244.523542572428 -1.04447953018936;60.0922743781653 247.610658700862 -5.94494023708406;60.6886039544377 250.594158252382 4.06212794165958;64.9243421908272 245.473956445056 -3.85601342236511;67.8325964213764 247.433031786456 0.215486030508483]</M06>
               <M07>[33.4502714576281 236.462614946356 16.6641882458924;30.4767888954663 235.27547578766 24.3650006615429;27.6228791037607 234.044214723451 23.8844879888199;17.3216887037203 237.115152552244 20.848302984118;12.0177840376218 242.333159118828 23.2202320583458;10.7972021033167 246.410873403002 21.1420872055343;7.34534478357298 248.868770195523 27.2757539514429;5.48154970006857 248.780847039415 27.3251967691214;9.61381372040431 246.626102446272 34.4369334548455;19.2762802754222 239.376336428825 29.1083077613814;19.7942155341422 234.523647581463 28.3105327564832;24.451052600167 235.340765810357 20.8123813962776;28.0306090681456 234.990077450248 27.1127818645602;29.7368649610382 234.068990015166 26.9010077929376;32.8985553110256 235.284953608831 30.1917106084651]</M07>
               <M08>[64.1321433422881 197.86479075525 -7.08976756688773;59.9880522586975 197.730931074646 -0.727050553718384;56.5199818374393 198.735464254395 -1.12545327481383;47.6109776375319 199.049766715377 -4.21486722670319;43.5253333758898 204.052630291252 0.535051238225817;41.8691350092105 206.499284533628 -1.0732182704936;38.4365173656566 208.213942386667 5.0338080723979;36.4303702363185 208.211010358459 6.0978215537509;40.5405074058636 206.922893434893 12.28368386299;49.8712693961865 201.492327955099 5.59733366064769;51.3794405106342 196.24683060054 5.53939439431189;55.1130379838499 198.079618288628 -2.43344209599475;57.5567155350463 197.07211502226 3.02017518866514;60.049974705937 196.43995494357 1.36890424860914;63.9977391421633 197.371204524548 5.00338450053151]</M08>
               <M09>[24.1697779805737 186.222936004136 18.3221906714469;20.5878142866027 184.985794201508 24.8732198256366;18.8523809588911 182.689650368498 21.6206139160669;7.08601260555124 186.041530259466 19.262031532671;2.07046138091301 191.097443254747 22.5410499725395;0.676275531748814 194.671521659646 21.029985816633;-3.51414775518823 197.192034427465 27.1860751699384;-6.21151513379148 196.974528461811 27.1821429531465;-1.05049174496114 195.288627041595 34.5142066821527;9.4609037646202 188.86174153534 29.9773921164587;10.3311811116194 183.805356412686 27.1712793390822;15.8987055415532 184.230305664235 19.0170907961896;19.8930331687441 183.876720987059 26.3254143946776;20.3950234686036 183.341063548411 26.4127329999082;24.5462657240849 184.363252796776 30.693891701855]</M09>
               <M010>[58.3554528226143 149.431508371424 -7.40968576998475;48.8817708127813 150.746905773212 3.60700694192871;45.4635618645246 149.855777372558 0.999980446207239;36.1796563800535 152.269764263162 -1.850649326912;32.9209489665195 156.550060174887 3.33436680236214;31.636154118958 159.42487749855 2.54483488759462;27.5267089207164 161.322645743245 8.52861799927006;24.0926747828538 160.658230012883 9.0690685159706;29.1708766151803 158.905403567456 15.2824959166127;40.1232011740776 153.230444626321 8.74722831912698;40.6248571609872 149.422571281072 7.54181083958073;44.3964318535416 149.95730466048 0.116386290919723;46.2029565483674 149.77401964418 6.14531702890171;49.135579637141 148.58451795971 4.82039078092463;53.9269455225695 150.157542750403 8.38361712358206]</M010>
            </mrk>
            <ALs>
               <TT>[46.5585076175619;282.304145149209;8.88178419700125e-016]</TT>
               <HF>[-5.55111512312578e-017;293.547815092124;40.4788247685158]</HF>
               <MM>[2.77555756156289e-016;3.63974464298749;-32.0464859061621]</MM>
               <LM>[-2.77555756156289e-017;-3.63974464298754;32.0464859061621]</LM>
               <MidM>[-0.0496396543856417;0.000960482626593521;0.0503486065904295]</MidM>
            </ALs>
         </R_shank>
      </trial01>
   </subj01>
</data>