<?xml version="1.0" encoding="utf-8"?>
<data>
   <info>
      <Contact_person>Daniel L Benoit, dbenoit@uottawa.ca</Contact_person>
      <Experiment_date_and_location>Karolinska University Hospital, Stockholm-Sweden; 2000</Experiment_date_and_location>
      <Motor_task_description>lateral cutting (cut) manoeuvres</Motor_task_description>
      <Number_of_subjects>1</Number_of_subjects>
      <Number_of_trials_per_subject>1</Number_of_trials_per_subject>
      <Type_of_segments>right lower limb</Type_of_segments>
      <Number_of_markers_per_segment>4 on thigh and shank</Number_of_markers_per_segment>
      <Marker_location>Lateral and frontal aspects of both thigh and shank</Marker_location>
      <Reference_data_source>pin markers</Reference_data_source>
      <subjects>in vivo</subjects>
      <sampling_frequency>120 Hz</sampling_frequency>
      <Anatomical_coordinate_definition_adopted_for_each_segment>Cappozzo et al., 1995</Anatomical_coordinate_definition_adopted_for_each_segment>
   </info>
   <subj01>
      <info>
         <ref_code>S8</ref_code>
         <pathology>AB</pathology>
         <sex>M</sex>
         <age>22</age>
         <stature>1750</stature>
         <body_mass>63</body_mass>
         <other>Heel to 2nd metatarsal: 17.5 cm; Foot length: 25.0 cm; Lat malleola to Lat tibial plateau: 41cm; Lat fem epicondyle to Greater Trochanter: 38.2 cm; Malleoli width: 7cm; Tib plateau width: 8.8cm; Femur width: 9.4 cm</other>
      </info>
      <trial01>
         <R_thigh>
            <warning>none</warning>
            <gRa>[0.996373498276859 0.0609316968779337 0.0593900685898771 0.0640481333241407 -0.0775802737206388 -0.994926699685521 -0.0560150743035108 0.995122419325887 -0.0812014901696131;0.997023171004347 0.0527747813663548 0.0562104877417895 0.0604145450798274 -0.0817716013024622 -0.994818319073 -0.0479048976956834 0.995252846101012 -0.0847165456366196;0.997782933905122 0.0476703225949642 0.0464408995539222 0.0505519596564178 -0.0890053756941094 -0.994747476735903 -0.0432864434041576 0.994889734312925 -0.0912178731180254;0.999682876951898 0.00258925513434023 0.0250487781543538 0.0251678018155166 -0.0690431484434741 -0.997296157319774 -0.000852807687359394 0.997610314406813 -0.0690864191298599;0.999663246711337 -0.00144165509921295 0.0259097434399166 0.0257400584351819 -0.0716074211042553 -0.997100710377117 0.00329280523274942 0.997431851743954 -0.0715461987832089;0.999386217934566 0.00473674553966451 0.0347095180625773 0.0349803425872726 -0.0815471094127516 -0.996055442522605 -0.0018876003075144 0.996658232388675 -0.081662750241232;0.999104242844494 0.00528777410124413 0.0419851327875138 0.0422910184698192 -0.0901377546588887 -0.995030981900483 -0.00147705345750696 0.99591526980467 -0.0902806384723515;0.998502187109584 0.0116652269190358 0.0534537633689579 0.0543696991132943 -0.102473852569925 -0.993248732875007 -0.0061088587892536 0.994667297150361 -0.102954600790292;0.998175421870881 -0.00302939425115368 0.0603046428010246 0.0596426237159329 -0.10621246958418 -0.992553106257347 0.00941193971334976 0.994338842686587 -0.105837995613728;0.997380644086717 -0.0252370930292119 0.067785986284781 0.0645014685589407 -0.113771155825588 -0.991410956493749 0.0327324205476099 0.993186394005448 -0.111845319113273;0.995818641963696 -0.0611059366042097 0.0679065300932175 0.0607205507405794 -0.112620089438954 -0.991781089844186 0.0682513518938602 0.991757419920055 -0.108438798398802;0.993644153557832 -0.0953712968713284 0.0597964199047026 0.0484958216503126 -0.116695914837455 -0.99198297301048 0.101584700535069 0.988577958075806 -0.111329104118688;0.992250837661759 -0.116092066230967 0.0442821331663383 0.0302965002301342 -0.119579162419763 -0.992362305808112 0.120500610925182 0.98601392285972 -0.115135340766618;0.991285793570233 -0.127986965363684 0.0311739019506319 0.0144422518485105 -0.129631830851698 -0.991457013587367 0.13093470444224 0.983267473847799 -0.126653772330679;0.98983158798459 -0.140525492333509 0.0220457123343827 0.000749323519748235 -0.149831462990223 -0.988711267869681 0.142242279024797 0.978674163704465 -0.148202615885137;0.989310484748297 -0.144431408934737 0.0201080302421196 -0.00483281775389468 -0.170290179150262 -0.985382107995436 0.145744326269152 0.974751672477713 -0.16916787036034;0.988663150573585 -0.149000763867677 0.0185458098977349 -0.0086626822471988 -0.179911569552118 -0.983644643698922 0.149900409052805 0.972332556026045 -0.179162685450011;0.988064502974632 -0.153729585615471 0.00978531900297517 -0.0184256042876158 -0.181016956485351 -0.983307357122593 0.152934741207256 0.971390794670856 -0.181688989651528;0.987891690445116 -0.155051072464418 0.0054011921947575 -0.0231228264316343 -0.181571089658316 -0.983105932388826 0.153412329515275 0.971077290604576 -0.182957789735149;0.987716841775331 -0.156244747476943 -0.00173763034986294 -0.0304946368610013 -0.18184437748491 -0.982854363321363 0.153249853494488 0.970834796071397 -0.184375381059745;0.987619492000225 -0.156629134194092 -0.00866333323990923 -0.0373666096245508 -0.181258196812588 -0.982725395302989 0.152353127655402 0.970882475076081 -0.184866827970187;0.987602775067426 -0.156508777975429 -0.0120731559981754 -0.0409541158350888 -0.182652017901283 -0.982324284924665 0.151537187103643 0.970640635236969 -0.186797318373387;0.986613218774323 -0.160707321998181 -0.0277040285146787 -0.0565092161164571 -0.177551788748499 -0.982487694989669 0.152974066539634 0.970900880094555 -0.184256386586587;0.986036507530226 -0.162267761229014 -0.0374323320582376 -0.0665123769459278 -0.177676197987307 -0.981838720147957 0.152669936564464 0.970618535952461 -0.185988032235689;0.984736170450659 -0.165029089391244 -0.0553179379665204 -0.0842067691027098 -0.173560772288572 -0.98121652980363 0.152328246374249 0.970897552771296 -0.184808136669506;0.983541205065568 -0.166069441406158 -0.0711873483788862 -0.0994533281775431 -0.168645187674531 -0.980646641858642 0.15085003630288 0.971586198597566 -0.182385649770345;0.982083221152497 -0.169697524456911 -0.0819469152801494 -0.110153908046409 -0.164116044757608 -0.980271411597432 0.152900828228101 0.971734878475768 -0.179868459383089;0.981628130731256 -0.163644893454171 -0.0981150437161928 -0.124790768682486 -0.161633337609432 -0.978928969958938 0.144338065002589 0.973188066624128 -0.17908520310651;0.980971108101093 -0.160969943640395 -0.108555802771305 -0.134173705432711 -0.157924810207014 -0.978292988368789 0.140332112651989 0.974242491151709 -0.176517609866955;0.979903731278419 -0.159132206152982 -0.120273099201429 -0.144374946934323 -0.149758776275143 -0.978124830288181 0.137639209981544 0.975832593170292 -0.169723887482581;0.97931612629113 -0.154591004880264 -0.130543272504738 -0.153413351250146 -0.146649667876419 -0.977219636811467 0.131925238087091 0.977034030175943 -0.167332708798424;0.978934776023979 -0.151768401406894 -0.136576193479235 -0.157973498638833 -0.139238393314707 -0.977577129210245 0.129348668407093 0.978559667144285 -0.160280690726542;0.978706212652885 -0.146260669259655 -0.144020713587882 -0.163734589016389 -0.133122040936935 -0.977481205229246 0.123794723935551 0.980248100658452 -0.154235299076502;0.978827274124463 -0.139240731282807 -0.15003061748157 -0.168436239466597 -0.13145514216686 -0.976907763728101 0.116303055266931 0.981494556454451 -0.152125063634686;0.978267951911848 -0.130492554075049 -0.161131957082289 -0.177091963532717 -0.121649110598241 -0.976647290654505 0.107843640119968 0.98395791943641 -0.142114608904389;0.978103407929664 -0.123011547437398 -0.167874603777445 -0.181886605206255 -0.113220419544181 -0.976779606382516 0.10114833781591 0.985925603580359 -0.133115430967946;0.978509669894992 -0.111086822442062 -0.173719727727502 -0.185648952283043 -0.107959741207341 -0.976667374695526 0.089740138389686 0.987929355854036 -0.126262802929565;0.97800502210119 -0.101103079238629 -0.182439974000539 -0.19225470572178 -0.0977146331772342 -0.976468114477309 0.0808968780156673 0.990065663393851 -0.115002944726699;0.978191695333621 -0.0891757750733209 -0.187586482243277 -0.195291309946842 -0.0873420446786112 -0.976848335971662 0.0707270205761608 0.992178939693557 -0.10285251668767;0.978590058860922 -0.0751428955450981 -0.191611695748657 -0.1972902029767 -0.0772491286226437 -0.977296857631526 0.0586350791590675 0.994176099781191 -0.090420186440137;0.97957898453613 -0.0583087399796955 -0.192419084025323 -0.196319353496681 -0.0707982241050882 -0.977980737492416 0.0434018950946756 0.995784967904992 -0.0807995866118434;0.97990617769607 -0.0439318115837189 -0.194560733047677 -0.197004348095762 -0.0606124488447016 -0.978527167674159 0.0311956686807713 0.997194127026438 -0.0680492709699267;0.979481033496382 -0.0249506923810743 -0.199985919430748 -0.201029869135665 -0.05065052238967 -0.978274765235692 0.0142792414418178 0.998404721308627 -0.0546270604415772;0.979361467547112 -0.00484825919293168 -0.202058432802905 -0.202079412242274 -0.0426619160938969 -0.978439508637614 -0.00387647156382197 0.999077802424814 -0.0427611701221968;0.979362837573839 0.0142321437066764 -0.201608230151532 -0.201025003572144 -0.034625279252096 -0.97897397206235 -0.020913639524005 0.999299022376299 -0.0310496950006455;0.979528589192322 0.0344739791938005 -0.198331257530035 -0.197591315170166 -0.023721651883342 -0.979997426221748 -0.0384891559302597 0.999124030333808 -0.0164242773145494;0.978818764030062 0.0594551647015037 -0.195905361266551 -0.195248146913302 -0.0167260336399895 -0.980611238425093 -0.0615791223515081 0.998090839146914 -0.00476324484222586;0.977824435035789 0.0831556200150897 -0.192209565596633 -0.192338471846387 -0.00653370762270256 -0.981306895376007 -0.0828570244139699 0.996515154688883 0.00960520591428278;0.974915107124838 0.112250130201323 -0.192198965058481 -0.193781644793082 0.00325986973180052 -0.981039269035964 -0.10949524209322 0.993674635642431 0.0249301111074414;0.973344938790851 0.13833475999267 -0.182929287726172 -0.186711586115679 0.0147659442920254 -0.982303797457453 -0.133185636389221 0.99027544706861 0.0402010595962739;0.970758774637772 0.165011630170329 -0.174351837880485 -0.181087218552775 0.0265759299454518 -0.983107898058171 -0.157590674662532 0.985933507827006 0.0556803143251101;0.967536889037313 0.191759524503649 -0.164622760012496 -0.175536298179425 0.0412685938762341 -0.98360760020495 -0.181822375887736 0.980573907424429 0.0735896440059733;0.963392994813121 0.218072894824303 -0.155942778248799 -0.171393278656547 0.0537081924763101 -0.983737655115573 -0.206151113449248 0.974453509719102 0.0891183248258135;0.958923052940161 0.243212062444341 -0.14599476436329 -0.167079025575215 0.0683332531395479 -0.983572654016064 -0.229240436556815 0.967563155146442 0.106161966119247;0.953628167794387 0.267038217865947 -0.138866510678782 -0.166360225578485 0.0831416400262838 -0.982553684558363 -0.250833795439523 0.960092734006835 0.123710748007941;0.948843799581989 0.287824461515676 -0.129817269067054 -0.164507379400843 0.0997104769004071 -0.981323159269648 -0.269504668081064 0.952478293794407 0.141958915651716;0.944667291719542 0.304590375096726 -0.121771964563694 -0.164327166890969 0.118133866735712 -0.9793063727719 -0.283901902383293 0.945129140873619 0.161649673351485;0.941885651243102 0.316935574960614 -0.111369929993437 -0.162826675230519 0.140735315442622 -0.976565944942092 -0.293834807018728 0.937947446455104 0.184162140171687;0.939255350127948 0.3290625291253 -0.097556338500818 -0.157305351784261 0.160099021405459 -0.974486187508599 -0.30504821513337 0.930637499389895 0.2021371593084;0.936568978617302 0.338662123775439 -0.0902580423655003 -0.158639678555083 0.179988208125863 -0.970792303906238 -0.312525200071423 0.923532463346877 0.222296622702115;0.933495438984952 0.349857347593968 -0.0786517751154151 -0.154930438162318 0.195692443422241 -0.968349640841709 -0.323392678836619 0.916135527049326 0.236881555535523;0.931527556060723 0.356866252119176 -0.0700206426559251 -0.153271284623887 0.210648947916233 -0.965471353304451 -0.329794368674299 0.910095324040398 0.250922648540389;0.928548297533668 0.36549268681042 -0.0649088209369719 -0.155244821950349 0.223515563453633 -0.962257677626742 -0.337190012314914 0.903579486698379 0.264285843005187;0.92705768772809 0.369600537423318 -0.0629244496252593 -0.157277465650928 0.231028677349809 -0.960150794948595 -0.340334897450538 0.900011773799873 0.272306747251953;0.926547038105571 0.370243274520255 -0.0665620300945777 -0.165347989683366 0.241900807936936 -0.956108802086419 -0.337891444824313 0.89688567654522 0.285351458245024;0.924893703517811 0.373323036384061 -0.0721217560663308 -0.174326849801785 0.247778744540418 -0.953003590335398 -0.337907955856757 0.893999778668294 0.294249229582252]</gRa>
            <gta>[-398.166157381324 -25.8667894444266 486.445832659971;-379.168391479366 -22.6071515234755 481.993879586355;-359.059759284261 -18.6527106004277 477.99295634527;-334.904991208907 -15.1162563434534 470.066911871799;-315.007517292973 -11.268576816251 465.32403678715;-296.215040150459 -7.41817513121376 461.321096164058;-277.070301984988 -3.26909285933837 458.41605816592;-258.195733679935 -0.452615036964744 458.065090884198;-236.980649062738 0.307381888297513 460.810733914476;-215.052769252021 0.39735018747227 466.405370061397;-192.097474596755 -0.0305991935288858 471.260296912149;-170.573613909644 -0.322694619097106 475.5538834838;-151.988340677194 -0.954644289388455 478.473791971466;-136.198215956968 -0.676061023629188 480.176942282117;-122.070883382027 0.868546870244941 481.107779219185;-110.57242021652 2.85011662102683 482.010124226022;-100.67361713784 4.61124512762751 482.475704628075;-91.6101400566503 6.13846669798237 482.598514751856;-84.24396210751 7.59826364435659 482.555709906498;-77.7090354226835 9.30261144913131 482.436040120004;-71.8376829468799 10.861117877382 482.332733577873;-66.6606657183646 12.2318409321905 482.536465643008;-60.6111833472255 13.3658951782376 482.747884285819;-55.2002305182794 14.1183200378577 483.262857593519;-49.4281454415988 14.8903236209518 483.377182123205;-44.0779553983569 15.4345003383024 483.199523011726;-39.3012993049168 15.928831507211 482.695020238239;-35.0131412565709 16.9843017219161 482.690286976186;-31.1341392925168 18.0078926775611 482.293867053832;-27.3230203712661 19.2629767282024 481.572705947667;-23.9143672584139 20.9540645690707 481.296840557811;-20.8251351760173 22.6015092704118 480.357735226101;-17.7654448042316 24.5073258413391 479.715215823802;-15.0923404434065 26.7253433228649 479.184896229642;-12.1707365611652 28.9184014142185 478.095110014191;-9.89336362229933 31.2779247192259 477.023669721458;-7.76068530708732 33.8925039599149 476.139993621982;-5.54215487937879 36.5753998615021 474.93223292666;-3.56691340474235 39.4272117633977 473.672099191494;-1.94422042794406 42.6949147793494 472.472013137822;-0.522190886046101 46.0337740195517 471.411812203867;1.01277984872236 49.5246809514682 469.998934359143;2.56987493888305 53.4205373224943 468.672407110606;3.63663944099629 57.6191343197799 467.459659104759;4.53039761258603 62.061195882801 466.190258994357;5.03179935189415 66.4953139077708 464.804844163415;5.0910545888133 71.5650886817212 463.911743033598;4.81056345276684 76.9750167429816 462.890680437246;4.38737182340539 82.9965404529738 462.302697213889;3.26428227590719 89.0952331809678 462.068012706634;2.17817578183067 95.5913269278256 462.332360016562;0.841607945065228 102.190186585453 463.230114651478;-0.228903987951902 108.933393107111 465.056267136407;-1.35896480306067 115.510457033826 467.357993379475;-1.87707262522883 122.143926468954 470.211582478263;-2.15664549433899 128.587941866873 473.418833962215;-1.80051750416065 135.245266922729 476.816680005951;-0.920475798588562 141.72184268442 480.339688297068;0.482857189263022 148.567502084707 484.640062293827;2.75059127488294 156.129741576761 488.138574851588;5.24917431737059 164.028716515923 491.722013606109;8.70839766894837 172.165278544143 494.698385949069;12.9178717378936 180.721965336149 497.710364060379;17.8537018481728 189.353205791501 500.377207397286;23.4443006488099 198.150327964305 502.183658440033;29.2992798767743 207.188963932511 504.057161959643]</gta>
            <mrk>
               <M01>[-57.5154889528912 175.297118529911 42.0763182113394;-57.0268701647822 175.955574370795 40.6772032721575;-57.0710124565589 175.557328842683 40.3817982053396;-53.8045821553379 179.950706941021 45.2545985392643;-54.4011156469311 179.451039723917 45.1189219411305;-56.2386554810642 178.099602483656 43.088032885614;-57.347867682477 176.898910740354 42.3578135356733;-59.8724641855597 174.937657635171 40.2372538115181;-60.3447647349885 173.154271942528 39.4640031883187;-59.3560907184812 171.256160145639 37.5946862822734;-55.8739970044404 171.568503777703 36.6488543370413;-52.4183983568771 172.828311373827 35.5992745220623;-51.4978772482523 173.038583598094 36.1897475927412;-52.824706908989 171.480802480627 36.8867841698541;-54.8167522261088 169.466073388215 36.8116788675642;-56.5223372174236 166.470009327564 35.8592578224992;-57.1275946535424 165.436886957639 35.4143272740224;-56.6611368955738 165.535301230634 35.7342856338162;-55.7058311408718 166.025479962074 35.3104497263561;-54.7726869731094 166.729404030376 34.7977088369104;-54.2511241224138 167.670471464119 33.909423015959;-53.8860704473728 167.775190009154 32.8010014500637;-54.2848739201822 168.076421989252 33.4439012797551;-55.0028924436339 167.230740032189 33.1732395650008;-55.774684597697 166.777966401945 34.0809759553276;-56.7901016369733 166.367779186474 34.2481564471454;-56.6120589986452 166.364825273169 34.3667412303129;-57.6106185507445 165.276699708389 34.8057433560552;-58.9705751877397 164.737541250357 34.329233394654;-58.4160730582588 164.630503127175 35.3348881655835;-58.250460979013 164.593954666028 34.8947288091249;-57.2800651998379 164.925241248097 34.8814583984928;-57.3783025172756 165.236913396685 34.7407840593853;-57.0841176336653 164.961293310101 34.1919354174942;-57.6203533625063 165.066944612925 34.7610199241438;-57.721474363498 165.172221816897 34.2992618484591;-57.6035723487902 164.739017624505 34.5402805282114;-57.9442580435515 164.97717130657 34.8682889469649;-58.062381019298 164.842709941752 34.9917071216722;-57.9132492578976 164.778633760879 35.5589249422566;-58.5885501500109 164.57064945264 34.9746465088297;-58.3543558343452 164.559660329909 35.0254749379898;-58.8459547028202 164.356274675258 35.7553950773905;-59.0914818142141 163.96127121711 35.6817196462359;-58.6730399616029 163.972939318581 35.9206027335916;-58.5386110292858 164.393350389443 35.7575971954424;-58.3299788048772 164.074850179382 36.1637579702265;-58.5513084648391 164.406952671114 35.8048018855097;-59.1218370572142 164.254841176265 36.6975286336289;-59.1714878481591 164.279896754258 36.7116399499181;-59.2855920627718 164.845131157165 37.094710178039;-59.4417605706159 165.343247149482 37.556497634198;-59.9438861833673 165.780566770982 37.7114230522182;-60.0984916902424 166.41465911074 37.7565493911252;-60.526910405501 167.248149084569 38.1978948668873;-60.7290842170421 168.245992100103 38.2557082436074;-60.5039973760545 169.516821752417 38.6257008829729;-59.6534238896211 170.911848222806 39.4528853218272;-59.3294555968731 171.556576657613 39.4663192768519;-58.8291133355767 172.592181458936 41.0323923284551;-59.0967966107258 173.129159676137 41.525989887828;-59.1519939795519 173.737909468743 42.3858132632812;-59.7140249976171 173.632777638509 43.1224271913052;-59.9557994571269 174.161670710985 43.2497089301561;-59.533672697086 174.60753787911 44.0313962764529;-59.7897493642286 174.576631022068 44.0032980732004]</M01>
               <M02>[-101.854361040438 231.227317031907 43.8132279762563;-101.228006423143 231.676610915023 42.2586076817094;-101.64331990968 230.862003531344 42.0418870240118;-96.6453424972192 236.361545540487 49.0117676643472;-97.6155425800198 235.581146804332 49.2793100222865;-100.379472000868 233.297815314456 45.7462026038058;-102.228291415583 231.797147676475 44.6427246592183;-105.802556096988 228.89815315357 41.3379396961229;-107.169392049662 226.493409248969 39.8085438194138;-107.086635130686 223.90783366078 37.2154974512325;-104.052699984154 223.813589760789 36.586054556229;-99.84135752463 224.748074453724 36.8234491423511;-98.7461914068109 224.848050361452 37.1573466164293;-99.9852143272785 223.643305107949 36.4268301460536;-101.836032944309 221.742013696419 35.3271066611058;-104.710649828796 218.536086769995 32.8345871912579;-105.773729395856 216.799945628992 31.8974042501499;-105.810950081182 216.946834413174 31.6117249441015;-104.714168410193 217.056860411988 31.8666579973705;-103.608163853128 217.656266938993 31.5301407522208;-102.771221326178 218.742237659224 31.0559863073899;-102.669851539478 219.223283600906 29.1502706832245;-102.820911575021 219.200898795164 30.687114728372;-104.164289844318 217.596739596525 28.6928724486421;-105.191293026496 217.092304539517 30.1283494649049;-106.030648226646 216.492852576961 31.13876307408;-105.8833393387 216.540472961617 30.4961756777697;-107.228267162324 215.270383576134 30.7157413279756;-107.523599247165 214.820348618677 30.2120836775987;-107.348036261473 214.876673057686 30.7503451792565;-107.488228369398 214.417355512278 30.5468277609986;-106.874157883501 214.78846322236 30.3781589159336;-106.7717668046 214.721312922593 30.3989658622247;-106.723720141406 214.502032335826 29.614966042623;-106.813459415391 214.622328855404 30.9278401149166;-106.51430388874 214.852277978802 30.036238077624;-107.133903864944 214.347712640208 29.2974641344317;-106.799418796215 214.379489531474 30.9145552891848;-106.359701159083 214.292644646823 32.8552326941776;-106.681926450062 214.200094461356 31.8106446488967;-107.500664436311 214.283766763839 30.61443203625;-106.273725070016 214.902496128608 32.8609172924961;-106.045536735407 214.859329481675 34.9044272935599;-105.892187444402 214.634435918676 35.4912579847911;-105.573805931535 214.727856785223 35.2186672749705;-105.273750835995 215.020760075968 34.6529942441435;-105.71259138363 214.724130716442 33.7205937739447;-105.583335199174 215.109989471567 33.3812882229408;-106.403534440185 214.981052574155 34.1917022625908;-106.057425613944 214.987553468431 33.8987568416979;-106.382652873781 216.504080333304 33.6043103469111;-105.306615251751 216.048938644519 36.0218403146537;-105.906491693127 217.040248116629 35.7767065104642;-106.113424473303 217.819001123446 36.3207185476133;-106.574070127324 218.765895123243 36.7024913602825;-106.497665515462 220.441863172641 36.5842349686381;-105.400216835102 221.70229583023 39.1940014715757;-103.663400820234 223.441989196744 40.380466490808;-102.579831628697 224.488154224908 41.051574569601;-102.484279547062 226.493595330288 42.3097617804215;-101.891683074432 227.068954819812 43.768816991478;-101.616831565052 227.780454213528 44.982105108399;-102.534430089269 227.632528878888 46.0295809134185;-102.389051784484 228.124500704134 46.1042143257274;-101.756069948217 227.966040362859 47.1501348130127;-102.251168227132 228.686179646791 47.6227612623714]</M02>
               <M03>[-34.4428254390727 225.94985235695 4.8756963586712;-33.9211511372967 226.664646811855 3.54716671965434;-34.0885863352108 226.257215355917 3.31635533570676;-29.3064614954114 230.973323004931 9.74538901375487;-29.7698329410202 231.4046936049 10.572505358849;-31.3345018281691 230.437433881544 9.55893238471749;-32.7531043380646 229.506157771119 9.3721456194939;-35.7801238850926 226.579343595858 5.97088316938261;-37.6919111150841 224.024750546941 3.14150990339789;-38.0517380856958 221.268194056365 -0.354021693233886;-35.4337923914263 222.310237602779 -1.8469372355864;-31.3770558853719 224.119346244759 -2.57883747769055;-30.725263539833 224.910063429679 -1.8340773700675;-31.0396316806805 223.928056845356 0.00751702829735024;-31.1832022726979 221.225238655931 1.12437214109719;-32.4282329946593 217.340958505141 0.888797953133377;-32.9262009829581 215.888448482045 0.381890688045175;-32.9996137254839 215.779593547548 0.0607533606622326;-32.7100342133228 215.791233233139 -1.92638169134733;-32.6006089707125 216.358491530331 -4.0767179495711;-32.5254402752107 216.815703789006 -6.129016540351;-32.3669401756059 216.906758953705 -7.79890814827941;-32.5511906387942 216.880260019483 -6.99768628234861;-33.4065910686192 216.179449143599 -7.64857877086087;-34.3284911063146 216.231655696981 -6.45659547957962;-34.997293235442 216.068458306636 -5.36055277151969;-34.5450819473869 216.241337572819 -4.9186028389725;-35.6671619750874 215.240741687131 -4.02669172930486;-35.7219163071998 215.02204476882 -3.82654388950129;-35.893237439158 214.988891870393 -2.98981509304453;-35.8508942829532 214.439713693313 -3.17271805591398;-34.6961119852225 215.003465379557 -3.17843115782772;-34.2858657321737 215.199749242506 -3.67651248227182;-34.2686634355865 214.807516412147 -4.7016971872953;-34.450897771346 215.003622716331 -4.02972595172296;-34.2775940683485 215.347303562778 -3.75637666281616;-34.5570941506882 215.240623437491 -3.7907785358712;-34.2444125515117 215.319334410369 -2.93691152445082;-34.0022741816323 215.547079038708 -2.25087364872817;-33.9003222946575 215.896408453892 -1.43425528183988;-33.8177693868981 215.711419513809 -1.32122109254518;-33.6889771877247 215.942317768792 -0.919991573619839;-33.8227609996798 215.842724171893 0.143493230878953;-33.6235476450341 215.903008541151 0.956548690362114;-33.5805278293662 215.931006664832 1.03685106413957;-32.8727205616756 216.330410450799 1.46119088679651;-32.9136586237682 216.269132513019 1.63275178552551;-32.5095762981939 216.559859572782 2.4456367061071;-33.2829716781247 216.776933863424 3.49918104398585;-32.6805298960687 216.958962415001 4.23562518683985;-32.8029458925113 217.665140178413 4.81043300143053;-32.9658059684289 218.161396498959 5.06309243869425;-33.3939494881412 218.539600817706 5.49664690933517;-34.280363379192 219.612408153782 5.53575478162369;-35.0456110631004 219.958561207366 4.9888752386617;-34.891098200788 220.808230221337 5.32411661322109;-34.7573981551312 222.080049572357 5.65607130200384;-33.4147182472875 223.360688192704 6.91953995085579;-32.4575138546876 223.955537227159 7.50683299756762;-31.9713455843925 225.197822948032 9.2312414853776;-31.7888223038946 225.879365513037 10.3368217613428;-31.3497224253419 226.801610879611 11.6552515534099;-31.7007826319133 227.063159332145 13.4355879821087;-31.7703038149029 227.299245494916 13.3131199547181;-31.3348899732602 227.893891533589 14.2308129414869;-31.7705395125962 227.985846704336 13.8692750013433]</M03>
               <M04>[6.73373972621794 148.425009144132 -25.8283940205688;7.93180234722287 148.855122668676 -26.7315916141122;8.3487810175011 149.111180507406 -26.5216656664201;10.5179173551782 153.305854379743 -22.6174162805964;11.8145849573009 153.982440152937 -21.385757648984;12.361049583803 153.544432949996 -21.1101562803308;12.5961727982743 152.601430594927 -20.3526709849361;10.9004130663174 150.50905231486 -21.7772291871754;8.4742171605929 147.680159941707 -24.1726794375481;7.64872647477565 144.622231938625 -27.4256946929395;9.41210478848426 144.69918955886 -29.5449539994864;12.5413767893806 145.482131118711 -30.1060214167153;14.4819933019096 146.435658921135 -28.7793519070667;14.982147558841 145.459754626091 -25.9647155953104;14.4829040548455 142.877469976783 -24.2144920181402;14.7503818971174 139.971147244025 -23.4263245082606;14.8910210570582 138.335810162704 -22.8323957555513;14.3300354023685 138.063755220484 -23.6451537419149;13.6843609012904 137.695071038356 -25.5380429712182;12.9413531179781 137.399015515274 -27.3461357665233;12.4411778959773 137.275189080197 -29.06816099049;12.2583860722811 137.003741948969 -30.608222579244;11.8094562697163 137.163371297961 -30.4279127519938;11.621572091754 136.642979880901 -30.4732975780371;10.8976210782577 136.709555840999 -29.9706996760752;10.7805148204818 136.854379033642 -29.0670349130515;11.3554745600553 137.254468510059 -28.6529613719001;10.7882125584813 136.934399270136 -28.0460916430874;11.0946855506608 136.793497342501 -27.7941371573029;11.3310791438272 136.999033296449 -27.2181565939864;10.7241631521992 136.590563418707 -27.5364155469374;12.0665699496213 136.77958422415 -27.4174361754734;12.0692547512168 136.794890874916 -27.6897842570301;12.1218753314733 136.397202068027 -28.6552470986986;11.3840237955103 136.576426293572 -28.3203760094343;11.8929688419346 136.713600244574 -28.0278355602997;11.9761491365399 136.718711588299 -27.9562653656317;11.9888633094739 137.126598131992 -27.4825059450855;12.113550222234 137.484320707113 -27.1757856689317;12.3063118413216 137.797349665924 -26.5269707637762;12.418871640686 137.764193661326 -26.5554832451889;12.7997844263737 138.046644856086 -26.1937310291144;12.2842124924103 138.235680716272 -25.702048792399;12.3376196651472 138.381093667025 -25.2960423195596;12.7085337933743 138.407252531222 -25.0659646099916;13.1862132820659 138.803849264213 -24.8060079124737;13.1610411277371 138.886271993904 -24.6862321364993;13.6871285571586 139.092957820256 -24.1375429827852;12.8582854941251 139.426339947515 -23.5134803284214;13.2737440252434 139.934612867319 -23.0578991755705;13.17870650798 140.579633076761 -22.5876874158818;13.0874396557661 141.282761896969 -22.1323962903418;12.2571553262348 141.796811835605 -22.2607626685681;11.8624788852244 142.213809009581 -22.3476954940574;11.3238761872847 143.038065056165 -22.4796844794876;10.9431009956248 143.990591950823 -22.665223171133;10.9540822267743 145.058014679904 -22.4705187387461;11.3555586519356 146.180507600895 -22.043964812598;11.8644771953712 146.637144373756 -21.7369734223459;12.2286538752339 147.704934898249 -20.5451377181604;12.4116937761798 148.677645176619 -19.6893148591524;12.6644853752944 149.66205049126 -18.7366200535566;12.3196182372828 150.144923201877 -17.5460948631405;12.3212768066006 150.344150296882 -17.5366653826048;12.2236333566604 150.787356438479 -17.0506137514136;12.0061508642649 150.877803137415 -17.2367848894623]</M04>
            </mrk>
         </R_thigh>
         <R_shank>
            <warning>none</warning>
