<?xml version="1.0" encoding="utf-8"?>
<data>
   <info>
      <contact_person>Rita Stagni, rita.stagni@unibo.it</contact_person>
      <experiment_day>August the 20th 2001</experiment_day>
      <experiment_location>Bologna</experiment_location>
      <motor_task_description>Data from the two subjects were acquired during stair climbing (SC), step up/down (SUD), sit-to-stand/stand-to-sit (STS), and knee extension against gravity (EG) activities by fluoroscopy and stereophotogrammetry simultaneously. EG activity was performed in up-right posture with the hip held flexed at approximately 45°, more detail is provided in (Stagni et al, 2005, Clinical Biomechanics)</motor_task_description>
      <number_of_subjects>2</number_of_subjects>
      <number_of_trials_per_subjects>2</number_of_trials_per_subjects>
      <body_segments>thigh and shank</body_segments>
      <number_of_markers_per_segment>uniform spacing to cover the latera aspect of the segment, reulting in 19mrks and 25mrks on the thigh for subj01 and subj02 respectively, and 10 mrks on the shank, more detail is provided in (Stagni et al, 2005, Clinical Biomechanics)</number_of_markers_per_segment>
      <marker_location>dominantly lateral aspect of the thigh and shank, more detail is provided in (Stagni et al, 2005, Clinical Biomechanics)</marker_location>
      <reference_data>Bone pose was estimated with a combined stereophotogrammetric calibration of anatomical landmarks and use of fluoroscopic references as techical frames, more detail is provided in (Stagni et al, 2005, Clinical Biomechanics)</reference_data>
      <subject>in-vivo</subject>
      <measurement_error>fluoroscopic error was quantified and reported in (Zuffi et al, 1999, IEEE transactions on Biomedical Imaging), stereophotogrammetric erro was quantified via a wand test in 1mm</measurement_error>
      <data_processing>none</data_processing>
      <sampling_frequency>stereophotogrammetric data were acquired at 50Hz and fluoroscopic data at 6Hz, thus sinchronised data are all downsampled st 6Hz</sampling_frequency>
      <Anatomical_coordinate_definition_adopted_for_each_segment>defined according to (Benedetti et al,1998, Clinical Biomechanics)</Anatomical_coordinate_definition_adopted_for_each_segment>
   </info>
   <subj01>
      <info>
         <ref_code>001</ref_code>
         <pathology>IK</pathology>
         <age>67</age>
         <sex>F</sex>
         <body_mass>58</body_mass>
         <stature>1550</stature>
         <segment>clinically successful knee arthroplasty (excellent Hospital for Special Surgery score 85?100, (Insall et al., 1976)), follow-up of and 18 months</segment>
      </info>
      <trial01>
         <R_thigh>
            <warning>none</warning>
            <gRa>[0.205268738513445 -0.785732489535562 0.583514518301317 0.949151245519544 0.305229686846945 0.0771151385078511 -0.238697825077687 0.538014208285936 0.80843308936834;0.257182543979056 -0.752958698816433 0.605731235896084 0.924333083900586 0.374520294415782 0.0730950905917802 -0.281896227025904 0.541098643624269 0.792304723611147;0.415360247955738 -0.67188128054994 0.613230301319001 0.815197650259245 0.574066694812745 0.0768128512011352 -0.403644211813318 0.467998898968499 0.786160531210947;0.606190942502077 -0.524549640766342 0.597812854320995 0.64455034378058 0.764370352734658 0.0171117323407812 -0.465926378551358 0.374947506166537 0.80145304128783;0.749060461592618 -0.338290816780984 0.569620699546093 0.414942717810638 0.909831990262912 -0.00531823478436962 -0.516460028290475 0.240343642229773 0.821890487119743;0.820039915145456 -0.130400139548804 0.557252487087278 0.17316918735725 0.984588988260802 -0.0244325589464635 -0.54547865708505 0.116534634700431 0.829983562234776;0.860928949770243 -0.00493672240071397 0.508701253596367 0.0236518535360513 0.999260028277347 -0.0303311539928308 -0.5081750960262 0.0381446963557588 0.860408655185831;0.878866039047037 0.0587835675364739 0.473433174575387 -0.0528358510367156 0.998268141703502 -0.0258666444699486 -0.474133792274645 -0.00228092933449349 0.880449853418487;0.884376862449354 0.0533501150206796 0.463714700632391 -0.0462302302840976 0.998573463098293 -0.0267169944947515 -0.464478552391978 0.00219025438390144 0.885581660353006;0.864182076974764 -0.0468916610756069 0.500989523990497 0.06118386520207 0.998052881175174 -0.0121232919596634 -0.499445559960291 0.041129207409003 0.865368430747193;0.788637412349049 -0.230566568848402 0.569991300252857 0.280069277024097 0.959979439727847 0.000817654009985264 -0.547368456473065 0.158992219911778 0.821650319093116;0.695616450273185 -0.421237675597248 0.581959249396237 0.501400992925785 0.864804689840228 0.0266436843258332 -0.51450441533175 0.273261162237298 0.812781362862643;0.562702733149697 -0.547113253865106 0.619703731425 0.665321322050833 0.744651955677314 0.0533009992547602 -0.490625282023321 0.38230949051437 0.78302380940951;0.415997388389231 -0.65911190426192 0.626512301319484 0.812456253993918 0.578862443737499 0.0695204989013511 -0.408486232970862 0.480093494697581 0.77630485881665;0.274949246305161 -0.707958585433014 0.650536352911181 0.891035002521172 0.441810335834767 0.104212497440262 -0.361191819283992 0.550997516981253 0.752291303926089;0.21844459438719 -0.728207139964184 0.649612433439563 0.923091404971078 0.370114593287697 0.104486549828556 -0.316518895367647 0.576827135801766 0.753051289274492;0.193760869992777 -0.735266574125702 0.649491942539835 0.933503365265406 0.341781402489813 0.108429392423499 -0.301708776983169 0.585293544650158 0.752597688331671;0.171105786652874 -0.756139689611596 0.631645131983973 0.939578815362639 0.318162628178082 0.126349455652275 -0.296503715466291 0.571861265730297 0.764892305799991]</gRa>
            <gta>[-5.46948302795128 -38.3532586117677 300.048851300178;0.974621639189635 -46.7342588568041 300.90114662604;-3.31399789002342 -50.6873141285554 282.428283611212;-19.0833046191504 -40.8023779270756 305.255878076709;-49.009977820182 -28.6219359807434 327.694267317874;-82.3086647915473 -18.142243560277 364.278544218888;-96.7272508767764 -13.546680677222 369.510213523409;-102.582378046252 -11.2492571258479 373.07650186122;-103.589393919827 -11.2129365196243 380.684173678153;-93.5663091163798 -14.7276100858657 373.869835643811;-57.4581943942938 -24.6611525657104 333.31227205531;-35.0640750605326 -34.3030849432964 317.88105235168;-13.5910779408281 -45.3198097349125 289.946052766655;-6.63002026795844 -50.6185492088589 279.576891856181;-11.2368607890228 -47.6110616084762 280.06829741643;-13.7937700418664 -44.5269004398898 278.008306615994;-19.3005858478199 -41.9057978267038 281.207237976803;-21.1391021913511 -37.1761514736038 281.585459778622]</gta>
            <mrk>
               <M01>[6.83710720612937 251.955117634301 49.0831431968264;12.0753642170516 240.645378997408 38.790797629246;6.50195754881828 242.660844255234 56.351136685611;12.5299095356228 242.227517838835 48.1184906648482;26.7492416718555 250.353545145373 53.6010421693956;42.5544837635446 264.876342105763 45.0984809580641;52.5810262753289 277.999132374493 48.6366105422361;59.8855231849086 283.788724320796 47.5757905193445;61.6627768120934 283.636708873889 43.2295972282313;65.5169168761936 277.106477052821 46.0310651159377;42.5145420040007 267.756430812176 56.7625038592312;33.1347879939933 255.849033964054 51.0994102649361;18.107757473361 250.386395118414 54.8393702106464;20.9364162605501 241.203785502008 52.7539317059796;15.3539712390041 236.764913626104 50.2977793183999;0.239097154363435 246.305516759776 52.8617250136279;-0.0580921165589388 255.209968574438 46.9298607957562;-2.77080201206168 264.918307774649 52.4881218715212]</M01>
               <M02>[-88.3897851472391 282.223360031802 64.8761394969787;-83.4006049969865 278.56913675952 38.2100480814663;-89.0003158995478 265.426644656066 47.3588653217652;-84.0518072792193 258.976780906092 39.6988596968723;-69.1459016365227 253.405900362018 48.5493084438816;-50.8135929616601 252.715471657441 44.3914399647975;-38.9129542188392 255.336224496614 58.0219099195083;-29.5503373311459 255.105949986145 64.2122608781489;-28.353942204122 255.254575997475 55.3012876806252;-26.6002019259303 255.59608725879 53.5437629487006;-51.118579114586 259.572358660707 51.5458078666312;-60.9328628945049 266.637965399527 41.2513304696384;-75.5611239123085 270.619196181425 39.9580575899376;-70.8803890033625 275.502795306769 43.0561310295714;-74.8364446954455 277.690824567627 41.5344690087248;-96.5913057715884 278.272353050517 55.619388238991;-96.1999472189617 283.111652595079 57.8156227929355;-98.7779155666146 289.422022252823 65.4146641007864]</M02>
               <M03>[-48.5049877627105 245.436090375671 62.6012355309616;-48.1304848692321 238.086609037037 43.7788784400992;-52.3750931482738 226.646864501395 57.434967675482;-44.3548979850017 228.080466035369 55.0461107962333;-27.9398008435164 229.710321243969 62.919264905868;-9.12422377175835 236.131668877936 57.3005075666117;4.816406277621 246.946161582988 67.0722760483596;14.7529998485156 249.787844702471 68.5690413049719;15.8751331329925 249.340546379821 61.8215138290179;17.2849065822602 246.132827455203 62.3020610766097;-9.51076546746386 245.346443333289 67.804685586121;-22.3453552354682 239.502797323142 56.9429605088958;-38.1625153676572 238.290585535417 56.3975556878295;-36.0190625529243 235.732552218594 55.2520727983017;-41.3381294968755 236.312650300078 51.9824717102894;-57.3707946964556 240.504714111449 57.3537438026005;-55.7893715239159 247.093721104553 57.1642726658824;-57.4385793578504 254.956983566647 63.9615867311032]</M03>
               <M04>[-6.88295843308737 213.759585661754 52.8477099247129;-4.79000822320715 207.519249058232 41.999809550985;-5.86870452169734 199.693910230062 55.2992113905582;2.83288089475039 202.390377306612 52.800075074909;18.2944972214152 207.254767710729 59.1490767012608;34.9329794404096 217.727983090971 50.4475481790518;46.4924285161154 231.389289991758 55.0326917743232;54.9482220096042 236.101176831095 52.5143031020664;56.1496911741385 235.71914061603 48.1312024280129;58.0296967682663 230.294858150393 50.3561611713346;32.8878307951342 222.182671559526 59.4799472521052;22.5047233959962 213.549974963252 54.7872769962793;6.88502526402175 209.436405348819 55.910687237561;7.65254355514153 204.162339332371 54.1854101797909;2.1769772908326 204.81266882493 49.941895519485;-14.4456645091395 208.904781857866 54.08561254746;-12.8728450921243 216.629712459098 50.5336468821352;-14.9970413922128 224.924182793652 57.2311665326565]</M04>
               <M05>[-99.2279328685546 230.829687984996 44.6356595171406;-100.23192207468 227.745712177331 26.3549649935163;-98.8338272651233 214.056666840034 25.0075967192789;-90.3774554686636 207.586335923463 22.7821682154441;-73.3542805491066 201.667139323082 31.5558652800405;-52.8682174269013 200.202754980119 28.8405131795176;-42.7598918691065 203.073462181065 45.1026810323988;-33.233574462787 202.660457665768 51.1815648769041;-31.9100481453577 203.244881686359 42.4555307016229;-31.7319689186832 204.258277933119 39.4309981081973;-56.0619748242403 208.326024850162 34.4079885646121;-66.9874695462089 213.520637525835 23.3964536247058;-82.7267740577872 218.716888615279 22.6001083772104;-84.1405529868309 223.013343967781 22.8692399453173;-92.5974916562451 227.578944487526 23.4091998751207;-110.605581019242 227.218156969945 36.328085874864;-107.141111970972 229.753245342968 37.9161011379778;-107.918086596587 235.078271627057 44.4345468653949]</M05>
               <M06>[-53.1633173264247 198.865784326347 54.0343245239185;-53.6435040176833 194.384923749381 36.7785788780404;-55.1504715579313 181.458708527935 47.331839165381;-45.252630669528 182.323343936165 48.3007341349659;-29.0544100237129 183.062240772836 57.0159919632975;-8.7849304645955 189.21646735892 54.1116010648407;4.58658714394221 197.251257073361 65.0000162529896;15.4636806365233 199.432403231648 66.3591512008286;16.5423314880199 198.553157891637 59.7831931453074;15.8047437592587 196.736008111163 60.0664475191932;-13.3681910747523 195.301890594551 62.1853724604487;-25.497206535397 192.849902972969 52.0142173984593;-40.5833263025552 191.880867445598 50.0459377800199;-41.959948776107 189.533770744612 46.8135020825806;-47.391194188748 193.208230610804 43.795023278291;-62.5753823137288 194.898719993291 49.7687045143155;-59.0143547492241 200.075057090618 50.9262798751314;-60.9939290620912 207.253591450457 57.5166211810723]</M06>
               <M07>[-13.595912434758 169.850594793001 42.5437244374101;-1.1586619147385 163.780209973991 36.350694958018;0.557344554947733 156.542244742458 48.2750859735191;9.65666835364623 157.614874986723 48.2367914480695;24.1240488956348 159.828040156919 53.7552191089292;41.0568342783449 170.329744657511 49.0853010103801;50.8122133805263 180.556076894063 51.6970299179312;59.0330117629119 185.076040772621 48.7205819777977;60.6280615830753 184.715206868567 44.1444200328651;60.9107027077144 179.281155191112 46.1439338891409;35.4029432129703 172.572703377157 54.8870697006295;25.8931001099107 165.653326828199 49.9657894276508;12.2591370695544 163.240778574579 50.9889984296595;11.0732855291801 160.630655195629 49.4504300862207;4.63266418524023 161.815044486814 44.8104685915634;-9.4405674046518 164.503321194992 48.7295866816305;-7.22298643739574 169.802522524185 45.4244010523284;-9.76435267137605 177.00139267558 52.591917972353]</M07>
               <M08>[43.06138154396 137.238552870509 15.9730256751325;46.7150964968492 134.113683108292 9.3882075270558;46.8389216021488 129.858935000314 16.3306209647834;56.3927865159477 130.884895722836 18.0260705124846;68.115226141315 132.945591519993 22.94945611179;82.4864939634922 142.368543614537 20.377922708234;86.8411833635282 151.680118034214 22.0688176564846;93.180302003984 156.76775577436 18.9128548814051;95.3051196040846 156.789405203111 14.4754159906259;95.5152864416599 149.743068577097 16.9553714479677;75.3161449464485 141.790826123414 29.3173431242017;68.8152952196525 134.611770109822 21.6972035572974;57.9051081463577 133.01825453715 23.4298847943441;56.1886853883893 128.974785791039 18.4078226159857;49.1275287927513 129.063092570149 14.8809298890154;38.5645953538804 134.607960598715 21.9662433697628;38.679487670992 139.35346008479 17.1542460725572;35.9385931350575 146.199469033261 24.3496246044247]</M08>
               <M09>[-88.679842663757 173.416128817085 24.9689634592446;-87.2997735653919 169.406540056854 11.9177068135876;-82.784097091721 158.179776022452 13.6528428700614;-72.8020805133113 153.054386045153 17.4702176216183;-58.3056106782793 147.615949745603 26.0520412241869;-40.3635852417508 144.930283734995 21.6893366852617;-33.158285880397 147.039171814686 32.5752409371916;-24.8493570784999 147.787635186221 35.0034667487187;-23.5106967161298 148.026748067988 28.0397178976866;-23.753618172061 149.178178555196 25.5952834457934;-44.2195941520181 152.815782447015 22.9150459834895;-53.1742542607137 159.389338784826 16.8352883813874;-66.5666281729354 163.470046692669 15.1868950768194;-71.3862667672514 166.115060587734 12.4278621387992;-82.2626748534065 170.288932387681 13.916571056254;-96.240925923773 171.729702628915 19.1173932926602;-94.688635959511 173.455070481751 20.5323997264279;-96.076469727675 179.089665925586 26.8411437958067]</M09>
               <M010>[-46.3125677485052 147.64834270687 41.9997140879229;-45.6274358678718 144.024012069888 28.1695032530122;-44.1970933614275 133.263931074382 38.2468591167007;-35.4346878941107 133.167683027652 41.0989460922978;-20.5537185591292 132.433586432633 47.8111860474098;-2.17442346942525 136.833441627728 45.3430374218044;8.31674922306921 143.048813607695 55.666996812319;18.1168984095279 145.275436449838 56.9028619205532;19.3152224358949 145.473268019787 51.4412100885577;17.6750246822224 143.096253166677 51.5351202534299;-9.53896463163481 142.287147677428 52.9450590052308;-19.9579438345369 140.800810980959 43.1991143367628;-32.4909459210919 142.070709870619 42.81284991794;-35.1422703165527 139.957750129999 39.0289179146855;-41.6579122465693 143.122426209483 35.0238491858003;-52.1804249665214 146.029293658786 41.1629436995632;-51.20777038582 149.23463276355 40.0934550687195;-54.2159029501371 155.155317706631 45.7384923353662]</M010>
               <M011>[-2.13144558389668 119.123489846787 40.9313085480202;-0.00450076358486484 116.704290064881 32.5616868736571;3.49070141137839 110.017823681843 42.5977807028851;12.0841433440512 110.308384908718 45.0816632633722;25.5295252585562 111.781776713336 50.0635492303344;41.3808490924121 119.296981676049 45.7303065461669;49.0632940798965 126.977420739237 47.2892736026495;57.2002758485489 132.162962678245 46.7397230410849;59.2170378661648 131.393826322273 41.6382071638772;57.5249652192428 126.559679281745 43.5302353044257;33.342578846044 122.098196306703 52.6261495587075;24.2001738082295 116.675467330371 46.4881444428864;12.4267852189453 115.324373877856 48.7948158294465;11.538465758 113.007029145842 45.2084714391859;4.0432045026829 115.206094420871 40.9143179562768;-6.9894375786057 117.484152110524 44.875452143807;-4.52567510921706 121.864602852596 44.2156342132754;-9.16538017778887 127.852860730365 48.7513197778634]</M011>
               <M012>[37.8896614687301 86.8720569887619 17.7009892528282;40.786963407782 84.4193753067891 12.863522246334;44.8966860461756 81.391160626094 19.7300555590025;52.6409774342996 81.0368579412612 23.6647265976908;64.072804275899 82.8809120310949 28.0763772592377;77.9791374517558 90.7425949608423 24.9992377788509;81.3757018476547 99.9422545661213 27.7512147385893;88.1396165184378 103.950682233936 24.2227134545723;90.5438617143079 103.313881517722 19.3633212122128;88.2315769804696 96.6879769460257 21.4915748156131;66.8152214490385 89.7399883010446 33.194483335036;61.1859950903157 84.0985346961069 26.5850974802292;51.4765872663089 83.4806134816707 27.8673637209075;49.9747767797046 80.2333481339144 23.0075582250755;43.7868886497168 82.8780618017775 20.6808651065449;34.5546595858795 85.828681000503 24.5202331045796;34.6954156797483 89.3508861736542 20.4538139906271;31.749913478996 95.7440756990743 27.7042665222887]</M012>
               <M013>[-75.9693630801271 116.876813278573 14.5107508985006;-74.2222026560851 112.724903498528 3.91028006877103;-66.5148736227083 105.18606129713 11.753237656662;-57.9806249824468 97.0389619803521 14.1722655431191;-46.6398617927531 89.7816088545186 20.8664055639619;-31.0140752027624 87.4088928038731 17.0076310143465;-29.3718876006593 90.6341403963017 30.7908226214184;-20.0543258495862 90.1071326953843 29.2198961438655;-18.7009102222421 90.7436543343866 23.4670329520117;-20.9238445660236 91.9959677287105 21.3844032858364;-41.3689774904796 96.5822261042316 19.3615486145992;-48.9194249473433 101.623011398446 13.5753022150574;-57.3362640252393 106.65655881314 14.273561765519;-61.7159492821432 106.990035067113 7.02975463388035;-70.3569146693695 114.125454833036 9.2716954546822;-79.8237177036488 115.313400332629 10.251097227631;-79.7531938874067 117.051262356327 10.7194271820827;-83.2405775685043 121.578845391971 14.7511052567025]</M013>
               <M014>[-37.6537613052741 91.0810457888414 31.6449694184368;-36.1693648487742 86.9760718902239 19.9092190500487;-33.0354693604324 77.7228225196098 26.6586781717739;-25.0060510284621 75.3396821877513 30.1374001888057;-12.9850854437802 71.9856401232707 35.809314590307;5.83318611831626 72.9374947674942 30.9966427576788;10.2688116204861 81.3485811054694 44.6304750121645;18.2758953978928 83.1760866800102 44.907830396048;20.2814129571043 80.9781028574662 36.5338647600229;17.0149631831898 79.6220245594629 35.9789552792884;-7.56360482497465 80.6755064236995 39.5764433593316;-16.0589244814961 80.4758144112077 30.1795163794118;-25.5333882476161 88.5678428393261 37.3173668370099;-28.1338109449817 82.0445692935111 27.651141875921;-34.7817015232542 86.615601859602 26.8599937749732;-42.4641692129453 90.0782879885062 33.2566632754792;-41.2513091856154 92.2394414545908 31.2209070783173;-50.1732707026971 96.2814950849283 31.7865584008079]</M014>
               <M015>[8.47197082776033 56.4261025835063 32.4410905939863;10.5018660470084 53.7268861552791 25.1504307376634;14.6525421791745 48.0839373632863 32.3760050508546;22.2343051607406 48.9911292349898 37.6132037360683;32.7069423295273 48.9958433544577 39.5530521746972;45.7190224339693 55.630450686673 33.9630303942242;50.5298818677029 62.8737476859762 40.1181627196652;58.338814202793 67.1182586505957 39.4092586490772;60.4442923733709 66.538031576721 35.005291489289;56.4164404916561 61.6822004545923 35.5064934660473;32.3579177916595 56.7473536045013 40.8514814723582;27.1251924821819 53.340146464066 36.3084239502688;18.9332784400821 52.2536882550791 39.3155634156135;17.2705476024657 50.0345106865498 35.4397854977215;11.9102409276805 53.605817032235 33.4738842271837;4.83904465560432 55.675731246121 36.2122249719214;6.10040222534748 58.8974787545623 34.1727208922477;1.64744729216469 64.7449488846862 40.5925290552395]</M015>
               <M016>[36.725462808733 27.1945392619177 15.6516891315142;39.7046219351843 24.628242078885 10.297167628315;44.674896100417 23.1074080175465 16.3318997083774;51.6190257996575 24.2587241808942 22.8234180878038;61.2403265835582 26.8901295119883 25.7289644787188;73.7204953651671 35.8770915729582 22.6878652827593;74.6040943800676 44.5786137942993 27.1340631425419;80.6298281223034 48.463931013796 24.2412843328363;82.166021781626 47.6418295327171 19.1531780997754;78.963028752808 41.8289462600781 20.7825177448406;59.4712912698069 34.222702034663 32.0519385169417;54.6539806845785 28.1179689993733 24.9027016275342;48.0122516185117 26.9701733472243 27.0329610611367;46.2606759500381 22.7902673714891 21.7633460064989;39.9755941334974 24.012570903794 18.0236055647031;34.9057160123646 26.642535806107 21.3353738251554;35.4376112601378 29.8292056357753 19.051459076515;30.9514657459694 35.5825788235707 25.631217745745]</M016>
               <M017>[-66.8358258001148 76.0721303825182 4.31266384372321;-64.7906355832235 72.3152576388685 0.830986493570838;-59.0313344543914 66.2035102889965 12.8000422688542;-50.671662576119 55.9514980666576 16.8596078229179;-40.3784721504767 47.7431611705493 20.6682394100377;-24.0179914393617 41.7188055953591 13.7147427657276;-20.7001914336105 43.4236622817003 24.0053603096097;-13.9184856156617 44.6023361869131 23.4276821080954;-13.2122006760336 45.6336040638448 18.8222362116915;-16.4358512627293 45.7215122329315 16.2488060947659;-36.6962171623296 51.1578624494769 14.7786215755787;-46.3059543438382 58.0755176057036 11.9078024754551;-52.6055446173828 65.9260762124064 16.3427253225822;-55.4873607000906 72.0602165937573 14.8521252837648;-63.8939109557469 73.4946085378846 9.60814327822154;-66.7466808948105 75.8476271545115 7.57820082632378;-65.9052330088527 78.1449578210155 4.73269598311721;-70.7124516899149 80.9722510569069 7.04540528232411]</M017>
               <M018>[-33.3028698163689 47.9323463056282 25.9260730641103;-29.1069883347325 43.8831556507636 15.1624124694534;-23.8372333273168 34.1203835272532 13.4851792030886;-15.5925695651557 29.6430850645706 21.2762761037667;-6.66207844718325 24.800172612444 31.2655449336577;8.8684473331584 23.783367765851 30.1515858722956;13.4101010188434 27.3278053593332 39.1765239880862;20.5733617125012 29.1449782544217 38.0227956866183;22.0708524722837 29.2116715662991 33.0716446149774;16.8930129148906 28.3384596031952 34.5958852685822;-8.49345106458199 30.7226490511092 37.9343521888104;-14.2012837982956 33.6615712534721 25.8892588823075;-19.6947974781485 36.4201044399762 22.1171870471218;-21.2862474717156 39.7890520016746 19.5577767033764;-28.0444536015634 44.3046435744981 18.4013127411642;-35.3807856065546 46.7242847159844 27.8434617174491;-34.2208054036752 50.4110319084351 27.8669386255367;-38.5266512536753 53.9210239679802 24.4158990017786]</M018>
               <M019>[-0.0194153926556946 4.63709911837914 29.6950934136592;3.62937263038715 1.05086653592929 21.8802321117509;9.13704600702061 -3.72405495289388 29.7521860610659;17.6184458037814 -4.31435347772298 36.309816177302;29.8103044132728 -5.39589742100806 39.0506543743327;45.7395289628536 -0.33125628442702 34.5619381187495;49.4422211244624 5.50955252201058 40.4721616113801;56.697660758564 8.8801881844671 38.4097040105499;57.9763770004823 8.36574555269648 33.2363605430952;51.7390256285091 4.87514075221389 34.0714024116847;27.4365550799501 1.92452346345624 41.621263369983;19.3263355888554 -0.755998813458216 36.1532850807945;12.4510242551652 1.45357532053477 40.2106798550495;9.00996908518346 -0.416188276462599 35.7109680066137;2.48490877317667 1.58355596014693 31.0000600945836;-1.08878908553476 4.30669816365154 35.2578231500194;-1.31057149593207 6.5511669823212 31.7271562508388;-6.50735171675108 12.194236341718 38.58563141837]</M019>
            </mrk>
            <ALs>
               <GT>[-14.0444216836382;325.5963418234;62.4295515824984]</GT>
               <ME>[-4.71844785465692e-015;-12.3884041549391;-48.1813235859486]</ME>
               <LE>[1.27675647831893e-015;12.3884041549391;48.1813235859486]</LE>
               <MidE>[-0.0037773773571702;0.0497037803785816;-0.00390712635824983]</MidE>
               <HJC>[5.55111512312578e-016;353.946920455596;0]</HJC>
            </ALs>
         </R_thigh>
         <R_shank>
            <warning>none</warning>
            <gRa>[0.849110034876923 0.14831319160771 0.506966802717414 -0.221881111566263 0.971138152029825 0.0875183134737418 -0.479354686799935 -0.186799037192094 0.857511051792945;0.824889272997324 0.181681049978406 0.535303350039735 -0.266622075158577 0.960043814104311 0.0850208046848082 -0.49846800420385 -0.212856441242355 0.840370028146334;0.800382297173775 0.167832361885892 0.575517566947964 -0.268505358786992 0.958696456046786 0.093840133509456 -0.53599724422867 -0.229637533990557 0.812387565858813;0.815426920608379 0.144491997964645 0.560536343926416 -0.214069663323594 0.974968346023441 0.060090737122373 -0.53782256511998 -0.168993432304414 0.825946795069597;0.830872590382142 0.078775988811749 0.550858489386769 -0.131180127606664 0.989757405555764 0.0563209149401321 -0.540779537200754 -0.119057192230622 0.83269614933846;0.838466311391335 -0.00568511532529252 0.544923772023775 -0.0193654697413122 0.999003171635043 0.0402198313757552 -0.544609234639023 -0.044275678778329 0.837520415162888;0.841237627318938 -0.00368591695460433 0.540652995543425 -0.019472612752584 0.99912143363739 0.0371102599024171 -0.540314785022826 -0.0417464736894889 0.840426775525524;0.845813527165849 -0.0342098782662502 0.532380648299077 0.0161629924644341 0.99912696660476 0.0385234405114161 -0.533233748055176 -0.0239787828541259 0.845628043472935;0.854742487937268 -0.049686004213171 0.516668727030396 0.0294256121975479 0.998445468614423 0.0473368011297296 -0.518217529307157 -0.025257481744396 0.854875810825594;0.846412326524414 -0.0136177201716586 0.532353946539261 -0.00979037399619678 0.999106101542079 0.0411234681109803 -0.532438087673938 -0.0400193548260271 0.845522403034614;0.823619703455714 0.055993658536586 0.564371586345629 -0.104881779483624 0.992987930579854 0.054541500219182 -0.557360199259095 -0.104113751211381 0.823717145075029;0.825414008466206 0.104306663866028 0.554807919637023 -0.169251792514771 0.983296991676606 0.0669391520811679 -0.538558762368842 -0.149154749758187 0.829281206889625;0.801667381277414 0.157906865863055 0.576536923969482 -0.245489115904658 0.966362350077911 0.0766739559127968 -0.545036236393439 -0.203000550582667 0.813465596986873;0.805452570624483 0.159836348101816 0.570700001306254 -0.245974347741826 0.96624993174787 0.0765355005294382 -0.539205686077321 -0.202023277598595 0.817584138428705;0.800025085707045 0.151324767477564 0.580569263893955 -0.253828801518722 0.962170664835856 0.0989875974047596 -0.543627443165193 -0.226557763093102 0.80817125847182;0.820964034775774 0.142628229559756 0.552879041860336 -0.238445671883044 0.96546276988903 0.105001403369271 -0.518807970436751 -0.218033991858175 0.82661930064915;0.82456644526797 0.120856328514795 0.552705996337238 -0.221264016273839 0.967995828872179 0.118432696412373 -0.520703761728017 -0.219949577550083 0.824918041903457;0.82456644526797 0.120856328514795 0.552705996337238 -0.221264016273839 0.967995828872179 0.118432696412373 -0.520703761728017 -0.219949577550083 0.824918041903457]</gRa>
            <gta>[-83.3783675471973 -361.747450008686 394.468776006692;-86.6735204874806 -363.315962043471 403.613876983433;-81.3896138810087 -366.083270950096 389.65405096539;-84.5319832351898 -364.708678875312 388.859532223309;-86.2629722300902 -363.752506460965 390.721062048163;-82.3129371845602 -364.406419986826 396.668531635472;-91.0925179731966 -364.325297115508 398.042339989821;-84.8415118825779 -364.826519078136 395.293533779097;-81.4831370844545 -364.806111684445 403.851556814449;-85.6693065381169 -364.53146423985 402.418282158316;-82.7688427527261 -364.850199046355 389.07586174803;-83.5543030044818 -365.156507550799 392.244241994163;-84.7014691881271 -365.738956728395 385.400426005596;-82.5972613949526 -370.24467224787 376.863124139437;-86.1031936471532 -366.399685312248 387.240891922448;-87.6197033962321 -365.091093891748 383.302031818262;-85.8026244151427 -363.373236324638 387.769556466179;-87.5984928731319 -359.826226827333 387.769556466179]</gta>
            <mrk>
               <M01>[21.9969177207726 294.155818927349 17.1393232141704;26.11854621579 296.005301752535 11.8652068564794;22.9029050460823 299.746921253766 17.0819205058354;20.4125919756765 301.724854952772 21.4813546338684;19.7426309092973 304.781493466037 24.1072981698176;19.2180730561494 308.688991962587 19.812250631951;13.1520117102336 312.152563634481 26.5172388776655;15.3145733553073 315.278509798381 24.3282470175774;18.1866711394884 315.081484695729 18.2503342194863;16.597049724271 314.181030821367 18.7276762920495;7.56799319829995 310.709852187218 26.0571520609822;12.0209012210651 306.112290599296 20.0658315004357;13.4012041325166 302.943461087054 24.1807210479259;17.7094758723699 302.458662201409 23.2143707487155;19.7194579482873 297.656571879275 19.9307418665232;21.6162078095704 295.608730812397 22.7552611888301;18.8201985249747 294.821997507813 20.2832217250482;13.3279177375398 290.09410297983 24.9803242722182]</M01>
               <M02>[66.6804986015475 308.317600915126 15.1034663962002;69.9645313706292 311.842849947647 9.558865997284;68.6992590124884 309.953496957675 15.7799411467042;66.8633296648882 308.101710759142 21.9467746158826;65.2803497909865 306.075472695521 24.7422955331262;63.1084793927874 304.253924508747 20.1516978061052;55.3080788229969 306.374259929324 25.6534211096383;56.8134247929918 306.458781063984 23.364587018122;59.5706869717318 305.571126303592 17.367740885927;58.4079911996921 306.564927560007 18.4522909384378;52.2273560390797 307.167582108616 27.7917923981722;57.0851027250325 308.843145709124 22.388745320318;59.5212623999004 309.350318107044 25.5019886279215;64.0036353861347 310.296410857818 21.7721595770541;65.7915056343268 309.334589316411 18.1172338739585;67.0037110356992 307.827998486756 20.1227620582059;64.6599828730701 307.040162189946 18.7094736404529;58.5066203549705 304.447565394659 25.3389446135631]</M02>
               <M03>[92.4538810712489 279.867827271698 -7.04927967861442;96.2451536801173 285.170297606401 -11.9900594278586;93.9210503719235 281.688957263087 -4.38685565740439;91.6851745367392 277.957516467295 3.23856326603808;88.702785973183 274.776004103642 5.52414151469145;85.5748702441717 271.010895934587 1.00417411097603;78.1613281729014 272.740905088821 6.1315060312349;78.2307255393044 271.091875430173 4.55022536181122;80.9599661913383 270.512365196527 -2.05098657298038;80.8273816360297 271.839101801134 -0.810802161712354;75.9304467230863 275.093055100334 8.13883912884434;82.4132738238226 277.573246339334 2.57310835403577;84.8410206348007 279.880976154628 6.42192774960919;88.5453297074313 280.384402244982 2.08125685571918;91.2872440310248 281.724793106345 -1.99763443736411;92.0610128800428 281.030718629625 -0.742382899758624;89.9391728209995 280.054098683448 -1.94771192682645;84.9906517523469 278.191052524515 4.50280387558089]</M03>
               <M04>[8.28129887266473 245.726817387873 19.825493781162;12.7251324839771 247.924265965191 14.7586800467489;8.7680935025366 248.400312075911 19.1341627347061;6.79292574841109 247.446557901724 25.2950757713198;5.17034945301548 248.643165924619 28.4316185031558;2.62872044762928 249.811568332021 24.7104396460814;-1.9997962877823 249.802219546266 30.8906914126099;-2.25235643350063 251.869877752613 28.3379030726914;0.273325600610953 252.029401495858 22.4021899149187;0.453919475359025 251.925331345125 22.9962448748481;-5.81509958517976 251.761890722515 31.2708441526854;-0.255910609508199 250.060113192936 25.4132745769699;0.652415276817294 248.45851080785 27.8617271332727;3.08207681559028 250.786274463483 26.1326868528187;5.78135971196509 247.715123873729 21.6412376009572;6.92672996139397 246.626565915439 24.5189400211302;4.77610847012392 245.47519669706 22.2969996752865;0.68676253923843 240.68474278054 27.8927810288758]</M04>
               <M05>[60.5185545634399 267.053420937181 21.0028127832209;65.0537007483606 270.306635385819 15.9689525429202;61.8856454701136 268.212675260911 22.9875935030524;58.2446269847492 267.151025425277 30.6456815187603;55.9699209753496 265.243857963814 32.5717789859424;52.4386974528811 263.265600152545 26.9979914304666;46.1003048440531 264.775819344921 31.7191509132773;45.8249711206026 265.51225149228 29.7776004536044;48.427029834522 264.138612749693 23.3765317120687;48.5391750284775 265.414127004312 24.8810043952961;42.8711458542215 266.898165763458 34.7282886629125;49.3852211714263 267.974296361585 29.6346982162527;52.0916175819432 268.361658701376 33.4346483145841;55.9768160976654 269.402683802717 30.076142218448;58.7809325367066 268.437219610793 25.3116221260687;59.4983303869279 267.835279185934 26.834571655564;57.8401528788615 266.233437574918 24.7000275825526;52.8028894133926 263.110624054556 30.4357978041003]</M05>
               <M06>[88.3764979810931 234.599815791702 -0.172867498434801;93.383530462726 238.531968108537 -5.36906157565778;88.6440836877429 235.811279805536 2.74292769400386;86.103455925602 232.138155844994 9.95066910094323;83.1605022018035 229.504623455589 11.4398428954823;79.798066756045 228.596259755502 6.90357753847614;75.853584737528 230.810985246137 12.3178769496233;74.563603615242 230.000473542083 10.5736382268181;77.1833106507939 228.76154053541 3.15279268215081;77.9519514046906 230.804881538597 5.48907502101646;72.6940057062026 231.876210419055 14.6611174155064;78.1635309734058 232.062948795055 8.96641784730449;79.6136770080258 235.123538463383 15.9003273032391;82.8875798689818 236.120727218145 11.0293137741194;86.9255602312252 235.340359088022 5.38534049247855;87.5826183249707 234.906575320646 7.58240902325326;86.3374577968039 233.960231073816 5.25509512289979;82.3135699940521 232.375988588068 11.2869682330978]</M06>
               <M07>[53.2504877365234 225.950247165639 30.589488469717;58.191290928996 228.730932752484 24.7037709352106;52.6522659356059 227.319900970321 32.680072304656;49.8569275574694 225.402534237219 39.8913081222527;47.9673002844607 222.955318774643 41.9807623382567;44.2197339488658 221.478275737757 36.9989551101512;40.4898688911188 222.770224782628 42.240613066471;38.9530131391866 223.273710726885 40.0618947096359;41.8506669402883 221.865762117391 33.1541679020688;42.2185901521482 223.691991240525 35.2886189037972;36.3034796724621 224.827033184235 44.4786246254603;42.2726658189878 226.217824837758 39.5297853068888;44.1690501479475 226.622555745942 42.7889377454305;46.4898795718048 228.579190599843 40.4343078912172;50.0053237621489 227.887201710001 34.7032583838665;51.5835605991558 226.816376127197 36.5727719808985;49.4684723728569 225.248802409479 34.4927152411786;45.9281147814653 222.283028504926 39.8310912229641]</M07>
               <M08>[81.0854005634653 186.402835231126 6.60242212830712;86.6790232050576 190.210455174544 0.683417516577402;81.1540255479696 187.471874049563 9.82760925156034;78.666717557836 184.562851480044 16.4882422879135;76.9138802623747 182.291474484656 18.7804125623015;73.2985053598078 180.277287090795 13.8235655907676;71.4027448061398 182.836615507172 19.1162496138946;68.6764438463423 182.372824212384 17.4523910197356;71.0298810670603 181.882253512816 9.98316922854586;72.0636742831166 182.538880244227 11.9718641793355;66.7260285307701 184.786260553723 21.6711738250047;72.1851544194603 185.347615941712 15.697168117325;74.248604610683 186.104123300822 19.4210080042831;74.877808503134 187.61665904864 18.8020031244308;79.5327188423636 188.252575250776 12.960044611917;79.9079335416684 186.887477708402 15.1844968085072;78.7230709157568 186.135678231137 12.4533435618797;76.1509469935376 184.149691501031 17.8957119846088]</M08>
               <M09>[41.6324047353496 175.918869634038 32.6916652454906;47.6191331652941 178.118886880468 26.4596727504254;40.7474981785892 177.237898974144 34.163290748112;38.790291986045 174.070594898749 40.9323371518185;36.9792306916149 170.784231463074 42.8120770866736;32.9817675769391 170.600523653321 38.0334557726306;30.4230360848205 171.159620937197 43.6814350880046;28.6572234810623 171.196306664781 41.8613203149079;30.2991196096724 171.228684653425 34.9241968251799;31.1052239552644 172.107661031767 36.5885303777285;25.8370395683073 173.08773013587 44.7901445998016;31.533799131353 174.574033522393 40.3949504340421;33.6619862181696 174.958865443871 43.6574243934401;33.8184793553983 177.934377770213 42.9462595846247;38.7848763268624 176.871354789022 36.5096074904664;39.3753046037145 176.930622667175 39.4575179070014;38.2599830545733 175.544037316434 36.4929290757148;36.2054652010195 171.076567921651 40.7625423891089]</M09>
               <M010>[69.8057729833769 140.134883345308 12.0227567592324;75.7907718496109 143.590904665953 6.06823746503393;69.2120750895314 140.535017761209 14.0905170259229;67.5132167900225 136.963047944553 20.9574590972171;66.0623855381365 134.954542208276 23.386811787632;62.3510147454179 133.374031901252 18.7158519541635;61.8257103897281 134.303369558921 23.0278526385515;58.9858442175835 133.801343419661 22.1533206036478;60.2482194731311 133.861990753191 13.7230220626166;61.8249216805776 135.417985450871 16.7822632507903;56.9464788157091 135.950835295886 25.1110993958841;61.2969955964143 137.387005926455 19.870651396669;63.2596250128672 138.789554440191 23.8626339885377;61.9620376456364 141.176745451056 24.324488123234;67.861751135259 141.094210124123 18.1190816857468;67.8930579490989 140.806820945753 21.1155306336131;67.4018134529483 139.136268470791 17.3874791316772;66.161874014476 137.195118486142 21.7933093352895]</M010>
            </mrk>
            <ALs>
               <TT>[46.5585076175619;282.304145149209;8.88178419700125e-016]</TT>
               <HF>[-5.55111512312578e-017;293.547815092124;40.4788247685158]</HF>
               <MM>[2.77555756156289e-016;3.63974464298749;-32.0464859061621]</MM>
               <LM>[-2.77555756156289e-017;-3.63974464298754;32.0464859061621]</LM>
               <MidM>[-0.0496396543856417;0.000960482626593521;0.0503486065904295]</MidM>
            </ALs>
         </R_shank>
      </trial01>
   </subj01>
</data>